1262379447
572516264
1185310795
1824691560
1816195042
826205853
1491553674
2040287840
559966640
1436856265
1745289873
1347223911
862032670
1499040388
670209032
975507823
920384261
319303108
301039439
533526049
1108505241
979400315
695874255
715224780
1004483340
1372121484
369426795
324387305
595319632
391912300
2013109012
28241738
889307129
1940305746
1067596924
1652374239
1301374784
216825882
891348962
447865381
1514605348
629556412
1018566924
1563766316
513399722
2026922595
756385363
730780739
1268638534
1539378733
2031919320
2848578
1308397394
1312243838
2027398612
111981427
443940539
872856577
1012740877
1608367901
276650171
2119387708
168915045
708659631
572820928
1184163791
815857805
506323846
741344364
910178889
882182870
543742043
1190188214
69880231
350539816
1793328716
411849517
1626609514
1987992843
714726277
1975635549
632966484
998705891
1345012875
187400266
495902142
1898816057
1556477221
612750873
1854279577
426971188
1085674983
2044219342
805179391
980140326
741408860
495802928
283100021
290116162
97997775
649766089
1535717568
1713990764
130501814
238130698
1769832288
1359985193
1216145596
998743947
343679918
1718225589
1456210282
591418479
2095084173
132895796
10037105
1287603174
130315984
537618176
892905622
1942337996
771064360
1826374689
455592506
1444980590
485921736
1480272090
1942676101
351082093
78925463
102629728
530291247
1570613180
1355798801
1737168038
1146962154
1876017348
253862075
1549654867
169983599
1781999782
334142273
1823806421
298338852
1413019552
1857699629
1137493391
1892135783
1615518345
989400646
171967790
1294509178
1229835382
2146118531
676949017
1580263947
486246527
58463914
257316103
2030528862
1201149340
953960330
1366298538
355012377
1451028136
965411537
1161780617
1837211820
1434937480
1618109067
1556195819
754973275
1462507621
685845560
2014088943
925623273
1913330708
369995400
1051941305
658261474
494749335
889618613
841703367
219097478
1322275517
1311350141
1781995361
1137806669
1122524644
973599675
128779567
683391003
366939359
1738745505
1492037860
1906791682
1209851122
819255188
926216984
1309622702
1416577786
1359639460
127536692
1172150641
82205354
2146836135
1402938503
116074220
653199344
1560606193
435273077
1692141142
2118814838
1660191921
445590478
28828268
1750250308
1617224683
1009698621
1020843509
1300878466
1751293965
288950999
540187633
1894257499
70983217
2141244115
1512331358
248207358
807394030
2043990873
379708326
1594206142
1506311387
1523802739
2049319592
2120064345
1359565986
827199264
36607329
1980687190
903054524
618909575
1385752119
2140451463
518892238
98562121
398320610
1449555630
612861088
1899018
8024916
8474528
15210096
17306300
31429607
35320512
38577182
49444056
58173170
59266115
59985486
66955128
70624674
74078554
81878134
92263553
101313467
104552949
110869159
120462087
134893655
137114711
155764527
158246280
161390840
165348414
170389507
173326641
208838867
230120403
230724561
240845593
245450572
261796356
274301373
274777115
280671534
283097917
283671503
287214405
291929703
299192975
319074668
333612780
338438729
339942424
342324538
342467711
345427826
351368587
352254429
364643938
366056055
369637106
380239734
383134289
386482621
389895838
393676483
396080219
408243635
417025397
437038748
450412554
453033170
457484249
476033768
477055362
493881581
499318367
506532841
508728893
516335598
525359050
527455090
536818581
543038271
553474224
568066644
569422363
570113463
574552663
576430839
577926301
587334473
600096077
611754150
625197781
642861199
653136580
676060000
691598269
698188542
702851473
703603639
711168758
714892975
721920565
733293538
757267697
762433905
779362876
788775898
816359272
828108391
840304186
844954283
851286051
862165197
874101635
895294561
895524020
902670076
905952270
923537336
934797601
942604677
944553410
944599967
945846744
958533963
967824843
973146998
1017494547
1021924787
1039645509
1043315912
1051017282
1060157110
1064867473
1070599692
1081006908
1082908400
1101536332
1115247035
1123141362
1159201959
1162725392
1183380415
1185847892
1194455031
1203102434
1207115130
1214178483
1239066151
1255064369
1257921058
1259435692
1273886404
1279149298
1281477001
1286888864
1308716328
1309065737
1310531721
1317707506
1319744962
1351029268
1352144267
1358862502
1374569544
1387062202
1392240442
1394298052
1407451598
1411364971
1419219907
1419239867
1436568978
1444497980
1449822100
1455943407
1456943076
1459684860
1482378800
1484495192
1500938031
1501691793
1502129307
1502504361
1509314507
1522793518
1527946902
1545547965
1549017347
1555031005
1564501666
1569669060
1583777825
1588912691
1597465437
1623773857
1624461687
1644937236
1664979444
1680334825
1707617514
1720149582
1721899661
1738306170
1738510456
1754895503
1759659937
1761128654
1761658323
1785408533
1787356878
1789524222
1836475223
1840259252
1857098055
1864339663
1865984694
1872254371
1875453259
1885994983
1901733774
1904368908
1918054471
1922071495
1929836621
1930839826
1931705823
1946772301
1953229427
1955794316
1958321362
1963829684
1966312773
1969402897
1975303042
1977326165
1981935228
1988605521
1999747055
2015038847
2041410810
2055762666
2058345340
2060874101
2062345703
2068417554
2097980560
2102777294
2104983408
2108670276
2125776835
2127472980
2137865580
