1896807732
186675639
2037580319
802454545
917134069
969227186
1431700137
1444261633
1182557169
1697044845
790175048
991546421
636117748
387134859
2137043259
934018
586326238
84934147
1837768004
87868791
173751747
1622778775
840835733
750579303
1127889458
232298223
314131687
256719892
1673892499
837746002
960027050
1950449913
270954154
1487582976
284465239
1648820276
1031309112
491467054
1077386721
437997838
827261888
4726174
925431113
1557770536
321532519
436062683
1325586257
1842548549
1834851316
1618309134
234419016
513783982
2082215416
1529576320
1084306180
1071526726
1406637319
563829421
909609966
276917802
1308401956
1475877121
952930103
155783940
1617784379
1517460018
1450674985
1688297965
1058978503
912388409
807415704
1230283260
1610135188
1462758638
1249953655
1993265264
163599263
179541055
96549254
1960106101
1534165785
793046028
1889280553
958086550
809042058
1894842530
545421397
532464320
759459090
6999251
499601315
1322268655
1141480651
1833253039
144992647
1239758968
697440331
1733036513
1929471898
581059569
2011558982
1008025511
108171539
1824209856
1778467152
599913583
50412884
597552959
1324447167
1241349899
958338464
270729353
1508660143
1077620113
1892057067
1726745572
1770515743
1872663506
1146987722
1232903115
265521208
293603189
1821811338
858395542
1108034990
1153336239
576626524
408378056
1427934015
1974062752
907447469
1957933813
575624281
1776507469
1525386644
419480142
1967696600
1589771062
257036901
1222278347
878488045
120336020
1468390243
2109486579
166366490
1864256049
1436693650
816366923
1331916121
1926074339
1200151721
739264345
2026139229
992919206
1115892006
309110099
64437744
2033605461
108009852
1010216297
1033365371
638749445
663432040
2078811564
1875713444
478279934
964878945
1834738585
1632648210
1139335767
1305678894
363041350
248800076
1350369581
1631988881
1778086184
743452863
913486208
2051127841
1786705279
111391966
1008814506
1714796085
1950734430
835479908
372916348
1967856124
222280538
1678969269
1628330742
929395370
1125985743
1178292066
739621795
1439975117
1081572554
1375450315
891506063
1691107006
2094356374
1258520543
75080934
873275954
331412198
230127359
973016875
907599088
1434776732
1974583809
1068510481
1378933917
1810895412
991402321
1909198841
437402035
1666444240
1495237937
1873442057
910048656
577916384
1003294496
945575909
1772353451
1003791213
2064836441
1438693133
551072737
1388053251
1415225458
54199251
1557677038
1645535289
687948581
1750489079
1117990391
188746718
852106284
1526213345
924840515
1974684866
180176453
838262906
176536074
1779333918
1501401685
60042151
459923814
1877387425
570003369
1495326307
1684991590
869760791
43357783
1099915639
665495362
201564088
2041107907
1905503705
1094850984
783248651
1183156542
1958953375
1788183860
1034832245
1080333512
496315038
1170422527
2022765666
714009590
1640620195
2103944271
1334071311
1696810223
2135181645
124895852
876247537
972863888
1985535877
113678738
1907146693
229054639
128817308
1264785666
1034132277
1863829885
479510783
718484019
542801444
1647198981
1391897241
1280176422
568842646
1995258321
1291953862
1873905623
1592682815
839763371
1989502447
571956943
1428385191
1159717249
2119595718
1692884182
1292246774
1627375458
1881685791
2119350214
325010017
2065549989
1444374634
1729216635
392457265
1561227816
1092901321
239418343
4790381
1479718070
343734738
680721218
926966820
287594882
892244450
1948157278
1947521369
1041276624
567037212
989446936
1462247307
1617651891
1452567805
1849082091
1921245919
1334270449
1659235741
738375582
222569452
851663106
771355525
1816374814
196080163
1296311095
242220327
1681204838
1734898393
2058924024
401699326
2140497818
1557501683
378684966
597739843
1413224244
100679981
1636124063
1020404297
1150022485
301745927
439731935
1598998646
557621309
931223116
1841517252
214088926
412523222
670591296
228136042
462094205
1737130602
783553381
94111540
193786385
690883446
1088721130
1856422636
1772801682
1446776214
180167345
492480514
896453455
626671263
600760571
650661361
1850091174
1430146251
2020986547
929904063
1472132192
477440527
2063046483
463659683
307177127
447380105
960495991
318479040
1574497444
1509636117
312328188
340472336
2080907449
188595455
1411574740
39739740
1281761368
1465550802
1022824554
399068007
1983711102
2096376399
580736172
1658712619
1924721104
701625722
378530490
1273331259
1942307664
1911035086
1262129193
323181127
999193276
596699792
821070068
1633109182
955445123
615948096
278339327
249797006
2083302757
879293996
671371337
1150236167
1681162150
1187682592
606205359
2129557725
712031726
1870802232
1499483223
410320972
315477184
470721238
1753705407
602531926
256917
2023969454
1529205346
1922198312
908954260
782735870
1079169796
1835197851
1116406257
2092877787
1792953499
1715757525
1510221023
678972839
703837914
1845291536
776325683
1049969823
1531784538
648742259
450954391
2001697425
49529703
371777820
1513317479
694114218
181733989
1697761087
1622883627
1002508141
1489655006
1072473704
1517324465
1217310400
581754921
346589916
409641415
566999329
777694903
440667165
1730457746
1960322806
1237482749
1594282125
582369934
629913345
298441466
1791256874
1676879907
2077730034
348591204
1712449400
2134725088
1834743574
1190736243
1749790588
1300563798
12498222
1333983817
1430202340
1562341780
1306950234
663914236
564398660
1348539194
1369371700
1110279746
1565209979
854157372
1002766586
707986616
1998914612
501647157
1845575395
1344675535
1746880904
1256930917
1634926226
1189193555
645608897
2044708425
10136232
1007381657
767395130
1354548182
1198642804
664692293
1138719586
1958868049
386942406
2144187829
1359825887
1616215245
2006999009
1081541390
1009169359
1414428482
1876598670
2113495265
1300276521
1589442375
1139192397
187596921
523437634
1307271277
1199184039
1544986819
1152100204
2146994231
1534540191
925123034
2054140089
1806155193
592247622
345720623
621210077
1299935436
554046062
650629714
1998609969
1048629995
829971318
1099677791
825622228
1140747181
1064808004
277238791
1080886508
1578973919
1920253778
1200109114
558560778
927179325
1235730399
163485550
1764969643
668135629
32476997
1671617423
1839195867
367790553
1158246250
652794499
566656245
879575431
2043825744
754736984
1291813509
1730357526
1442961096
884944909
166130510
365405367
325098052
1573095418
234204775
1871070470
1610466761
1523814108
1264198016
452099619
1467872259
768931457
893462082
1380710001
1248054898
950044940
1839993813
456574699
1615613891
869798374
830416507
1062283038
1050908986
1119988546
2076409689
502111943
1668574538
542513738
2118786646
1313896201
449020231
1319142379
538007580
515949898
1971910706
954754106
1059351100
187238828
2129492148
1468224129
1279586158
730397475
873820198
1077591019
749213173
1857665848
1268528333
411721415
1435343393
715082585
1158273315
1916727420
613721838
192265690
422158928
466155530
647159498
1041644684
1599353784
1787725624
1198780020
343383800
681550253
1464278112
1147939840
1911548473
1503182149
764909267
1286530039
427275379
147589959
1566099434
1677792923
822478324
152696895
600951466
403408712
1504375269
699988913
106425363
828055541
1576583340
201423978
551063045
564972250
1798252002
1539991537
1315835600
848430124
1662622700
1868205853
250044246
1808631300
608804664
1054996928
1790611935
1545310301
367469334
2049934209
164973433
261058364
928856624
1896494024
1438818826
2087190762
1749978280
1146806994
458002676
1549213277
1243403724
1531567588
1136119395
416540597
327697272
549280924
1687907126
458102498
2082418953
1314961762
331499399
773364322
772036601
1202290430
1360725465
1120131624
1352216604
944667972
1813759709
42215576
2004605302
393623274
1858705377
1128726959
1118013879
379918970
996679126
1482807872
333190996
776542306
1096066812
443507033
1930484802
1757890601
1515744556
1394357700
1868614225
290025148
1315992257
2104635817
1517890340
1213487079
2101740580
1237421649
466757065
177018079
1090095091
934887941
968868857
1965183483
236054478
229906965
544985325
1613763971
1392343998
1205220084
653822938
222779809
1664483905
1550749825
1947322379
69735284
895995638
1464514656
204584091
1490245956
429193697
1197887623
693642699
1568963023
1722808668
1606345685
960944646
66778818
456503451
1429475036
1023595630
1357673539
1485151450
710833855
1233291042
1502924715
364342053
2068581431
1826760463
927706961
1729618115
1412840624
292758384
183106946
1340842048
1336857488
236018403
2126438540
2067068182
613051799
284706857
1358619129
1856139256
1981513825
2038169722
1123096282
991870394
1212094473
19758467
913914681
1297531616
1416400104
1538215165
1060819632
1821484481
1871418235
91709419
551059479
403116375
99100770
2123125616
368305752
488282790
1498544773
1251487050
972391520
1344787143
1433212241
17835503
92872238
1283010449
160673056
1985002050
720790797
1463588066
981798839
1661394674
1158066398
795535503
1050401512
900910960
740539535
2118433510
1837480792
1344180874
1726511016
802991580
848893275
2011819689
1151082244
1908991192
587799035
795813795
1243672220
304047898
1434380824
1994358846
803397247
653655754
1596361129
707533122
1315437790
492617369
1831372065
381642810
1047205699
785578006
351619820
500506567
839025890
1344867471
1876253464
1627521952
694158344
155067041
1862373137
1138410025
877903024
145713759
2000214917
1866501551
957061685
973027867
696061542
1112264510
1370050081
445967828
1484139277
2109271328
1214017059
2128286524
1460938364
1455472370
701710111
324013156
1065412028
352708964
522968928
372634374
1030783077
1582955404
1681433065
1750148719
578545980
1177602024
1342541033
175214087
781336310
591794926
691670348
2029599358
2077173531
1407275346
1028723054
1859366805
1615377670
300208084
299031786
821805190
2009956105
1460747970
618596241
1734510865
1127457709
1161575185
998914422
778612005
618897686
1967656724
268064294
902015271
1054212229
1007977687
2145708278
423337185
996734968
436487195
1228850292
1506450186
6505452
2108675565
598271743
1491937134
1011587907
1419184101
9819763
486813114
907034432
2125662456
727958780
119757542
1945127342
2136422907
282784012
489382719
550533921
880036789
1606734439
1698586384
1623157588
749790367
1774700123
437585900
1518935473
1988405306
1836846350
891175067
318249968
37100045
1944717808
1883173279
115497175
334067258
1903089999
606004321
1434598687
695613884
1535339784
1104144125
1627414647
1528476735
724795995
2045190823
1301844129
1375772060
173335256
1551183544
948758715
1098598640
2095350390
1934101081
1094965912
1737994072
930491587
1797965514
1956260941
1486892106
1350341429
470371408
1522535368
456746387
1467657886
2006664121
453540506
1432058089
1879868862
421514893
151286741
759310636
1581550322
660887507
657935888
371221822
1463542539
661350268
197655431
177152635
788989754
2116878961
720038495
1408574679
27612199
431538484
1266312968
1176825491
1176057888
1041917749
1215267516
2059907484
985649774
1533306036
1405853732
1149222016
458880452
1154501965
220391449
194673933
2032508881
1805380901
561645703
223466120
1929779188
2076853935
263044974
1688078727
1479149327
1742365468
1916851202
739605356
1308752501
528121693
1968521203
1491889022
1338958845
316456918
1742695111
1333222309
1773619512
1094399136
636385634
591114946
1548415935
1340840059
357749672
1933455017
1120408741
2092946511
2115772985
1954298812
1534192907
1224143197
2004493915
1341451301
1425550803
1649591303
1000336886
687335599
2138005613
1755396408
1753155000
255612225
1573767885
332189809
799566680
203899641
1399152765
2012638321
1333469688
1531505121
915043022
47400064
1998875300
85034065
1872753194
170680409
603177720
1269974497
1832727173
596224178
289729502
179079176
539903218
1869166185
1457805939
1901651542
466557010
1065626189
678860043
1498522698
1775416103
707590021
1362173515
1455904465
386594950
1634183841
1111208053
268200796
106596907
1503352635
2038082241
840156828
1858173350
306476617
1315943142
497571037
579771060
897752835
426486968
1088882172
1531603113
1448649835
916277739
1019367174
1561170184
396149117
79270901
1458432879
465851701
2139561461
439349778
608385004
1048646977
539465144
305220961
177873133
1939043813
141577440
1416238380
329793210
549368714
1251031655
1229522245
599218473
1690358917
1002009455
1026076811
1889414394
998607968
1100325163
483389836
2063199439
2012922451
1873783662
1302168388
1389664203
1386859730
1892303310
628433924
1498144709
1511494720
387157364
1850262638
336460073
1251929793
875885955
217998493
423448171
1377543981
1417314339
865821025
1210167593
896647456
489355817
1026036647
1419592413
300133422
508735333
852149240
1648684859
996358196
240459143
1799820312
1138749997
649346249
1446423470
1618944206
1116701545
393545172
1867911311
1139129796
613900715
1443870519
2128458046
388320644
1884395412
962132393
1798300316
1203034018
2145612831
2119393954
2023069534
1926045433
1668239548
2069113199
321234101
1565104653
22961931
566025061
1557358495
614289296
1888966710
1002889522
1517696202
826390784
984254443
362334031
906468640
939912557
835276021
254434194
770519284
948336216
795265398
1719390687
1770195911
2147111095
507583683
678773246
1827082934
109558806
1492000988
1569124489
903442308
43751895
1920746886
49804540
1074098752
728252058
2028454663
836234991
684630931
1037875127
179175038
2631720
3224107
11498368
12129329
15253125
15849812
18785184
19235524
24396175
24690222
24766157
24803934
25109263
30072800
31798216
31930961
34901788
37042892
37461452
37666168
37760194
38965813
41128343
45635085
51701902
56646908
56695473
56807557
58551581
58989635
59367203
60112419
68573655
71276347
72611598
72907082
73944453
74542304
76899161
77517914
78289139
78408912
78843131
79676874
82177633
83262875
84442238
87182102
91977047
92774689
94038911
94771971
95066137
95373713
95567698
96148917
98538478
99836478
100279694
100806259
105890040
107731134
116120077
116768085
117081162
117517831
117899221
119169304
119528120
119790686
121456747
123446372
124797610
127673991
128092827
130054730
130610692
131186794
131651214
133439135
136784249
137083690
137753591
137985492
139048381
140540514
142143516
142631034
146023276
149277328
150329449
151107992
155083323
155893329
157022597
158995998
161894374
164172892
165342091
170048387
170756690
171125776
172835751
177067702
179869090
182049881
184771825
190051795
191216085
191930054
197738634
198605081
199588632
199924505
200542821
202126825
204945796
205844008
209014274
209035793
209887261
210785970
210891094
211023200
212196225
213915182
213929284
214014452
215168336
215988455
217419832
220184102
222960586
223123932
223455070
223529105
226693982
227131216
228243341
228756290
229894251
230870976
231313565
232375229
232650841
233465965
234894913
235623369
236362269
239056726
243417284
248877327
249635384
250743085
252803456
253058640
255668458
258947655
260965672
261069970
261129381
261208825
261316427
268884038
275898596
275967007
276051729
276574497
277837892
278923928
279474175
280209458
280485705
280876110
283016354
283440408
283611343
284351862
284878435
287928509
289972966
290597884
290694979
293015470
294248712
298042420
302553350
310141963
313976585
315229072
316191268
316499989
316845265
317137970
317554085
323140327
325456010
327333654
333142173
334082527
338233593
339051795
341646135
342285931
342799776
351212089
352025953
356680082
357059563
360624628
362209138
364489506
364497307
366117888
366251575
369263290
369735390
370882384
376113447
381173806
385709904
386238361
387091810
388685430
391986044
396804944
398750244
399771053
401643831
402231467
402968865
403454762
406452967
407955587
408034326
410807645
410841586
416398923
422595339
422974316
426217374
429170826
429727475
430605328
431686646
432391933
433719530
434949193
435735646
436116355
437630050
439911057
440736672
441081329
442794906
444376042
444612427
447033741
447499541
448603948
450261076
451128806
451384508
452378385
453015543
454334561
454494245
454558761
454600835
455164280
457286305
459292923
461729633
464423049
464712565
471633979
472706734
474016562
474625554
475505999
475673100
475891338
476767629
479798286
482468511
484014219
484607068
490699750
491665246
492698138
492967580
493939852
497076915
501246117
502684670
504043830
506875046
509587970
514580962
514881259
517525250
521490971
522920305
524062117
525002160
531445014
532428471
535242146
536526365
537435199
537953787
539125562
539228676
540655272
541497229
547315520
551193147
553859971
554990252
555178791
555896881
556481580
556829143
557631979
559592502
561168758
562797758
564119631
565074078
567350416
567509802
568470749
570286209
571064854
571567838
571921919
578566620
579775867
583025953
583559752
584279243
589518963
592927218
594318849
595015852
595728045
596292347
596472285
596697327
598295670
599911468
600088809
602007855
602533920
602996309
606172265
606260281
610949453
617723317
618827064
619299800
620228524
623720617
624731350
625020358
626685422
629755901
633026712
633268861
636358058
648373547
649166137
649210574
649384371
652948300
653289055
654848873
655103661
661809720
662100499
662468188
663495004
663847920
664427060
664788794
667715015
670664522
672972232
677809106
678079671
679357968
680802416
681239472
682252721
682960089
684382466
687176149
688678519
689234014
690588152
691214260
691983709
692254105
692704561
692797795
696989769
697555446
699286059
699694012
699807916
703255696
703579674
705079376
705917221
706779280
718175157
720169015
722341543
724242084
724482076
729563041
730910164
731196803
733487336
735200078
741634700
743349308
746213057
746731136
746883354
747013273
748432508
749006618
754578359
759986426
771410133
771425988
771633275
777469879
777659781
779576681
780902699
783018715
783088991
784026657
784811863
785909837
790334941
792318611
793284652
795169932
799186307
801127168
811307523
815460946
815986356
816277918
818508364
818725703
822815052
824687477
825510457
825884455
826025332
826153217
826379951
827035181
827835622
828386623
829682804
830774528
831484193
832124165
832335527
833757769
834155066
835634467
838857626
840350863
842516637
843966706
844338993
846986525
853633700
856305074
858513856
860349647
860694361
861689398
863986943
865543987
866234337
867266210
869135137
872759473
873540146
873868344
874162990
875050480
875190705
877352435
878060376
878353675
879328929
879784360
880245612
880973403
881296414
881780590
883690968
888005611
888584404
894764051
895234367
895975469
896114375
897209564
897426582
898616680
906578315
907594469
907713343
907916915
908111348
909733028
912105283
913250711
913650614
914261149
914816163
915511758
915561473
916135849
918367047
920350626
920816531
921751270
923304829
923908041
924663166
925796257
926234955
931192611
931500973
934331447
935072362
935304143
939736525
940859433
941313787
943236640
946971261
947054229
947937636
947995950
951140912
952501357
956386824
957597874
957886784
958575496
961144547
963072263
963465628
965083019
967674185
968042234
968967856
969092511
969902958
971128091
973789627
975976375
982329306
987101841
988103722
991761282
992786941
992853910
997213716
1001713151
1001713724
1003452416
1003963603
1008915816
1009084800
1009463811
1011931942
1011935237
1012805881
1012993744
1018638928
1019490025
1021480956
1024384368
1024433343
1024687395
1026033629
1026621717
1026836340
1030212629
1030829942
1039682580
1041353611
1042693389
1045858214
1046623509
1050890841
1051178313
1051995778
1053906175
1057952579
1058992891
1062726728
1062795152
1063841742
1063986276
1065644653
1068065231
1070488123
1073587827
1077759785
1080138863
1080297604
1085998900
1087545913
1088519815
1088679907
1089207263
1089440490
1090557215
1092537170
1093911363
1095373761
1096462067
1096861637
1097567817
1101743793
1102324230
1103940069
1106146839
1107915917
1108891659
1109070302
1109089783
1109361105
1109546388
1111530676
1112485332
1115070088
1125103733
1127017825
1127116531
1128754584
1131162309
1131469083
1137049351
1138076145
1139797939
1141019973
1141445993
1146770514
1147609306
1149199598
1151050999
1151559581
1152860884
1154692479
1158128035
1158637373
1162471349
1162813477
1166560916
1167536677
1169702329
1171870715
1171970329
1173725498
1175656607
1176168409
1182438417
1184669058
1186222758
1186679296
1191373944
1191899466
1192013041
1192805133
1193747672
1193856693
1198256218
1205031585
1211791348
1213824962
1218231173
1218362247
1220096075
1220595467
1221936561
1223632957
1224977666
1226305286
1229665600
1229669712
1230155715
1230652357
1231140221
1231227276
1233668041
1234115000
1238851461
1239522399
1241287496
1242190624
1243317291
1243354412
1246747674
1248115424
1248264996
1249407924
1250146351
1250320640
1252680863
1254221137
1257234379
1262303697
1264368837
1270014269
1271102119
1271716768
1272054616
1272926058
1275042935
1278534325
1281773623
1282633610
1283903393
1284034937
1285980557
1288209355
1288228666
1288488564
1289182690
1292243377
1293305910
1296637023
1297461894
1298229888
1298750727
1300352877
1301541512
1304674756
1305557361
1306442184
1307089134
1309676548
1311528892
1313353626
1313472237
1313983803
1315317499
1317000273
1317192649
1317979065
1318999269
1323160196
1323191537
1328648147
1329296433
1331155690
1332055981
1337652717
1337990381
1338261840
1338431398
1339191507
1339638940
1340286651
1340669561
1342599045
1344448479
1344779379
1349010344
1352545951
1354433789
1355978315
1358479738
1358606985
1359777342
1361392553
1362714152
1362975082
1366826406
1368673763
1369046583
1369489905
1373964549
1374990340
1376293436
1378294588
1379557244
1380295553
1383594554
1386712589
1388590129
1390446962
1391495923
1391565739
1394988594
1397189059
1398141841
1399074818
1401438799
1401954210
1402133593
1403900267
1407864520
1409890040
1411935970
1416053544
1416639052
1416647204
1417549751
1417776017
1419789667
1420297576
1420319324
1423142943
1426155772
1427001908
1427581215
1427649877
1428974323
1432548735
1432805049
1433214416
1433619034
1434761420
1440118758
1441710426
1442257053
1442425231
1443615581
1451528279
1451746727
1452428678
1452881983
1458248765
1468626142
1469853514
1471022600
1471759942
1471998811
1474039621
1474046140
1474430432
1475069301
1478590460
1481614395
1482434387
1482908371
1483974176
1485861403
1489315449
1492767868
1496164487
1498014905
1499735492
1500644571
1500718920
1502138551
1502185136
1503561377
1505019636
1507460469
1509193395
1511425419
1512695398
1513380831
1515324158
1515789770
1516224037
1516859676
1522842389
1523777085
1524800221
1525163774
1526502921
1528819090
1532254123
1532803544
1534993059
1543887146
1550174066
1550751727
1551502485
1551995794
1552251172
1554100080
1556649006
1556778145
1556814710
1558284821
1560449710
1561266187
1563697378
1564689942
1564912365
1569375610
1571130345
1573640397
1574181379
1576128085
1576191228
1576461377
1579309948
1579327492
1579585204
1580685777
1583600278
1583641859
1585400460
1585466013
1586487956
1586811950
1587843047
1589289911
1589630597
1591812855
1592048497
1592336834
1596028767
1596471907
1599012317
1599290808
1599992402
1600298882
1603811848
1604396890
1605144264
1605185518
1605480934
1612731292
1613318858
1616829197
1618150658
1618599967
1621093458
1626447358
1628069215
1628427387
1629908078
1630440921
1630577108
1632547538
1632981602
1636098937
1636325857
1638159075
1640046455
1642312609
1643613477
1647053190
1647526843
1651517545
1651888403
1654040007
1654311711
1656244913
1657827800
1658982568
1659287549
1659433619
1660198347
1661690681
1661961984
1666474944
1667180647
1668006206
1669588634
1669659189
1672673994
1676378184
1678361439
1678565636
1680096333
1685815736
1690748855
1692120470
1693356032
1694264412
1697657550
1701176907
1707869251
1709483265
1709765590
1710083256
1710404608
1710905581
1711592659
1713535038
1713989107
1718731776
1720010666
1720959668
1721251207
1724780437
1730334736
1732593091
1737968003
1739276128
1740576537
1740872545
1741071188
1741114617
1741754138
1742824750
1746616476
1750348979
1751879905
1752623328
1754202225
1754435133
1755438725
1757594465
1757913646
1764709976
1765275629
1765838760
1765927847
1776908418
1777696354
1780271162
1782242482
1782691584
1783625219
1784120215
1784280621
1787389058
1788562448
1789302372
1790150002
1790228512
1792816328
1793334394
1794468075
1795355310
1797208374
1798332431
1798914095
1800298895
1801192241
1802692079
1805628290
1805854542
1806969339
1807779901
1808727234
1809437280
1810032678
1810128104
1810764963
1812881936
1824196513
1825451248
1828898438
1828919686
1830710197
1832058951
1832869882
1833254969
1838298671
1838517038
1838827598
1839383163
1841270080
1843668197
1845318541
1853550596
1855653911
1857342850
1858011023
1858585520
1864458383
1865245395
1866149232
1867561704
1868648393
1870220365
1873169460
1876722583
1879443314
1888585920
1889267689
1889680577
1889966643
1890928948
1892639478
1893129919
1893953544
1895315121
1898769396
1901345429
1906226376
1910520067
1912129841
1912329596
1916550778
1920844774
1921980281
1922217456
1923388621
1924813712
1929087352
1930763596
1931432145
1937722703
1941227918
1945594242
1946398273
1948478059
1948667017
1949542120
1951320132
1953555762
1953569642
1958590573
1959431617
1959439667
1962715628
1966684612
1967687789
1972223235
1975434777
1980134286
1980718042
1981336339
1984097153
1984775213
1985727738
1988359478
1988523935
1990834432
1990870883
1991367740
1991633602
1992713113
1992883077
1995947441
1996251942
1999236837
1999865956
2001675211
2003920225
2006021636
2007005224
2009372915
2010102342
2011229061
2012683736
2014951306
2015178778
2021266073
2021495553
2021760481
2023636443
2025044351
2025658360
2026507261
2026718627
2027916756
2028355615
2029755946
2031140614
2036738017
2039054897
2039290563
2042923877
2044710899
2048213650
2048251338
2049518318
2054497894
2054715194
2056637452
2057403594
2060538973
2060628956
2062403315
2062956894
2067791307
2069711219
2069778571
2073705234
2074785875
2074947183
2075887750
2076155435
2076438875
2078275306
2079630747
2081471144
2081510098
2081829728
2082654951
2084277833
2090963728
2093321675
2094136007
2094387705
2095798512
2095832624
2096749716
2097417853
2098290012
2098575936
2098978887
2099958859
2101878074
2102540156
2103136027
2105584505
2106607483
2106696645
2106759233
2110214335
2110961989
2114773097
2114870426
2115279871
2117496947
2117565754
2121704638
2124018459
2124295471
2125539024
2127550490
2128722500
2131415056
2132826361
2134364472
2134502673
2135618107
2137598344
2139146052
2141942736
2143067103
2143292196
2144343133
2146813953
