1286769263
1434807815
219312761
566084573
808958043
815449536
1081103885
2077973093
157088341
446655389
249773599
1080672686
296298424
1651174714
396093213
2068048475
1987877113
1687170912
1943526600
140458550
641593060
256610587
1053280328
1872164313
2073873407
584181370
1542147416
681335539
1252229643
1402086627
2094549153
576836919
245290408
1694448400
1202610469
1746163687
1710430744
756362922
1163198162
664569337
1407715100
1654929792
1899026487
2068968163
342412026
740180068
1012885842
1554343432
2026633888
500080034
1608107399
1286318783
1460609506
1386862878
1346721454
1883313916
11261408
1642235913
449854275
1217827485
1869106051
1456090687
1163924929
1895532883
1935905830
735615809
1354055432
71618859
104710737
1654774986
370241018
1306996664
901666976
682262800
42993190
1297926111
417301698
1712030360
298803100
1482119743
1389021341
1783814070
988641760
1580589626
1748751247
463683488
860859385
735230373
520646096
996509486
424936361
313003272
1230534643
75964209
923018678
1813711506
1686577291
350584429
2102174055
236639644
1054249450
1405315380
272156939
130476248
825326085
698144928
1667383730
1277243670
793374323
201317228
1950653439
545966770
1855671956
1037855343
295200789
294579102
1548543438
1872939703
1348359855
1626219528
483209203
438810430
2147096908
613728167
1918484927
1430203468
533058439
1640608167
1604712317
1391611496
2097287044
386929967
563260360
2009237244
1024673671
1351347339
143349871
1597214852
1690121887
1188784379
734077810
1937230962
1922908799
1239459095
1682078249
188079266
1554542700
76307421
871758980
1318328949
990279506
1392035417
1458149997
1017521548
1701486834
296511984
1616045386
765617187
1411664950
105857352
908834718
948498183
917242534
1545161175
111572175
700646197
2072982258
1734877191
1541882626
727298833
1080804015
81392643
681820450
676606272
1699596575
1671872801
429972224
389656354
1481958697
1565872620
1956543893
288909551
975945831
1291336396
121310562
62069101
145977694
376935764
1406443768
1385148235
745377481
363783721
495722900
1446362654
701163022
1643329418
1198429154
1180222709
1991370450
1133253247
663415522
437388442
1701770664
1047175330
1904142056
1208958824
1643247588
1922359428
1391174333
844586180
2145356430
334460606
661295331
368806457
1018263154
1458521494
187026166
2006651956
1074336597
652514634
1329771822
2072629337
2123328578
2007250684
1341921281
525112191
342497025
1005562937
297333222
933023055
680054953
1522793767
1656709939
2044461940
419369293
273123147
376911400
460424831
1264445650
235515637
1940235524
412637787
1840617185
105643337
281288789
2085153895
2058055671
1572525290
1789785934
1137299765
1544012185
385124164
1451025488
1135371231
1416136613
639644790
2108333963
1429061889
494986436
1027768283
328055230
801257302
697987068
2056569652
2133467418
177793010
739019106
696519283
1748095556
784789529
1043269613
1606926886
806901626
941954747
1611706981
383033982
1617156045
778082189
51320185
225378556
1611700364
1760511429
1064593648
501764791
923267777
958455922
513365496
373705036
1316609749
2030768757
1137938587
1422824546
1064851534
1378564128
215438927
1943597528
145095609
49325161
88146860
1945753230
473784483
680771530
433918776
1177721293
1867305409
508164793
571995998
360230228
433726767
2041327039
1977901438
506727424
534550229
1705287992
1803397149
1944955159
414623462
1259574950
601169469
1676233265
876093058
70045105
1364479432
1400034755
1766882428
184426175
134948646
1490927689
630991925
741795116
1065375726
2000019983
1509623975
516526886
1716198072
1493933981
495242622
1258055976
427880977
859434685
1972910176
1972628241
720822408
1403216426
562805838
361843936
1081921509
1246496215
382912802
1445507343
1823668601
2139649496
1297664312
649507465
319046033
1557608945
2072188713
1429886024
684562436
234885050
937250227
1422921871
485068780
904228203
1879536564
712794561
1440252017
279914314
791914069
719306461
951099585
1077526958
2054751044
2027136407
84324636
1856281006
681293081
118483987
859235083
1578217068
566633434
259077184
1811862192
516715767
405629850
1290599119
357860153
1119469793
81484604
793598927
1442017390
1825139551
1576688981
1494632167
240641898
1170408214
1914948911
2048359727
603060327
1339125384
343366122
2009748139
358380466
1950747418
264911294
1565511012
830047165
1372222145
1311182683
122903589
916297299
1698738761
1766032241
232783567
596272870
797203010
916370508
720984665
621222916
180057223
1590410647
2116538984
1568639464
965544044
354269761
46031495
258198573
1644394371
2141110908
571642115
270698654
263953675
1561429986
1070232934
1672170792
31865334
1205162418
1382706318
344693489
405788566
1258175289
621524073
437276801
377219811
250590796
842975567
92161310
220373611
40203249
254803707
1418725175
1588422870
741799198
517107495
1326698486
730121749
996418969
2126313412
384032248
943909159
1916633854
1814471379
899975449
1862845576
1289777631
1386967523
366379368
870860598
585663238
2111317799
570477370
1591008353
1111526101
1770735155
471673434
187956142
1636469967
765666899
1378537054
951727144
834903343
987009160
1173762580
660454340
1891170998
1719862048
1658994716
1198402959
850772610
699094257
1542319759
804372598
899989530
1694700081
2138219485
1659035825
551025542
1442483445
1615517365
1433253325
182437787
720714564
1649769245
8109910
1282749013
141270232
1908534945
1012159005
1620564316
1717797488
844707240
1400594475
1287472297
23015637
2033482722
300193090
7342402
1362196839
756935133
1286042124
1679758881
1923908194
794296759
1816244195
121744691
1753389235
2027476206
1254086460
1148889724
1066141041
1648985427
611881649
1194187607
1218085114
1685037853
67496105
52709339
1169325483
36510234
1500521893
1216901210
2072781883
1310490624
464576810
852599043
1849785268
1595586018
1064380231
138780071
514643727
1575743166
1959555266
1672087449
349323884
700009779
1217573859
1588789166
1818249707
981822032
647919580
936552035
1988105258
856242055
251163859
694500382
1970432603
1540345280
2102454926
1290781581
1383524352
385801098
980383674
1734551595
651439174
539133036
742185944
1899236065
824936188
1890493274
1603710405
1857517257
506477358
1305772611
1171501284
1958141965
1728188770
1844132039
257954538
1051848430
1231852398
874120198
801340485
1709881569
1523051508
324471188
2052554026
843131347
1523450748
725751688
546537786
707559310
1611011372
1091179443
733746128
2045630771
1024628006
1166339054
1050009321
696581351
282124926
185399693
1964601008
1293981067
1752686295
380889584
917201830
785730211
39462297
1074421303
732781931
779826264
1128414416
305959957
334923819
734481816
1932179876
62359998
1434932904
1865328219
368702065
470757114
1211798239
1106982913
696809602
831870300
1424920410
1364614615
221459311
169488779
792978194
1225462713
606967824
1338662847
87800318
1099054289
1213601053
2032893256
1716937788
52253821
2132176740
821528904
351497691
465046351
242968485
19422849
322906435
1340043822
30057485
2131212361
898512449
1347777945
1880323918
28136602
759574451
1877052172
874954583
1209787718
2046511564
22778491
1571534261
1900454471
81611525
1349258747
306916230
1238658869
1904929185
1489826176
298339093
1318233552
629749722
1644719297
133536023
509130685
898459821
1692873016
359042945
197065038
1075959615
706074181
1059703812
429787002
1016322795
924917106
610102310
166812396
304517609
300087505
95342846
344898102
1457482908
1458984322
1215341708
2068667686
964944760
1810222161
411409075
382907185
1009541517
1370061436
663488467
1197989644
315035061
1103783058
69076743
1192892762
195411030
1279649142
993757688
1461275776
576517077
1009896323
2075085916
1156275092
191794584
2101994954
1964328207
2042603123
538516917
1461314422
297324236
236289265
1439558460
1468172113
896164488
1730237228
115467037
470241631
391142763
1426565369
1990889400
2009194664
1865673835
910276224
150912768
1160408851
394450823
879693796
1151541578
322496878
1573947038
2056819226
2082851512
2060993931
1739340265
2006715099
2108694844
878565508
1321734171
373108148
923099467
1322290974
491525140
1045399611
1608287009
141036107
862596156
817252188
1957096106
787071433
1702585730
363970513
457305108
1468690153
1941746673
658492336
547868399
1121722730
969466604
928198430
320182781
2117435524
1439633158
880236065
1910870428
117758464
1105240960
2050547092
1882387149
1573503364
975664480
2055239987
1876563168
2014978541
1493448234
555018454
137411518
1061405397
1872697406
198299323
1770325202
1240032308
704126670
334256380
279836821
176861730
1990341497
66834463
56584886
1834513082
598457225
982203596
2133029602
19558426
896075462
987395737
1417046069
402833544
746623477
407375361
1378281789
1533161135
1549711088
432186228
292166310
300655623
1907754083
2025282952
1370285704
982554450
193664800
459034701
2125309514
1138663746
2082369312
1880147901
410403121
1546025272
796154391
66750290
1376086409
1530313767
1390587314
690368690
1903575662
1416167319
93170544
1768039302
1306548279
1441125062
1756956698
1978550376
1084126592
1483501544
1172812001
772823291
935952083
1807024015
1469351954
1455642388
1327308531
1120956455
293073784
624035093
1439608260
265749400
175224398
798445915
1740331994
115791118
2045522143
698140365
1566133404
805681365
1686486972
696136853
950528276
839776349
1100911769
188407531
815158615
1686342749
951386821
1242540813
1822134923
1797756692
1340070213
1400559691
1848276890
1987707051
2077623436
423688254
1575242354
339031991
1198281176
41154585
831480822
2018392026
132501035
1098394903
713287812
1245911177
847305444
194016788
1897348899
631539176
99791355
1824105528
1227854153
2078975441
1369748438
28212430
691223879
1592527603
673347786
1022412338
194823506
785741847
1205682225
264827369
2067424559
1449874814
1155069732
477435339
992548986
1355405927
547401941
207160923
277707666
1793526956
530844300
1192002615
831099173
417978508
24941884
717328042
1905595987
907780740
1009909441
1389104479
2010034049
166581590
1124422841
120922929
313972669
56823339
2067225340
727161885
313138377
373532884
709070777
111675481
536793542
889163308
2026444590
1629632126
864223870
991643290
225732867
1165942496
182063438
346321587
793786692
1634693630
176556462
529132540
1418835705
348855317
199184735
636874700
1104927332
586624975
1853751856
1628231248
2142706903
1325812249
759354988
1339619241
70685743
237805842
2078421475
919896368
723061745
442306590
154300820
327949529
1589925375
1732875035
757550068
2036427957
1776463094
2142962348
838249437
245529745
130916904
1130300336
1124077590
1679518652
1190113585
317209559
945166715
790212838
998060856
416021835
467309001
313293348
1140263876
1093254025
2002244872
1323551505
527763768
1184611155
1451698069
1275599630
1297847020
955617214
857875147
1583240617
1451220714
2104235622
1284899406
556285723
1249347906
1047250114
861027315
1531928300
1954809610
1201485970
362310735
1034465969
936906486
627383669
1338655195
203524853
41726352
95132055
1561505985
76158006
310213396
319329159
1771198789
1429745158
366909674
246760230
1636543187
864375379
1221958848
368615355
650657
5533376
644683587
1145789732
1942420736
1266201137
1740956795
357124647
2101746757
1948545126
1227137985
1271988711
1104605262
1687641535
1337161053
193987186
1931102131
607487262
1182775232
1187535479
575863691
1629780457
1731403354
2088648725
1424478936
1872914478
637213721
1317995214
1889530512
564315362
2121481088
278391450
1089602633
922124354
1079942751
657110552
1540808064
1904327771
1750564661
1136036319
647172485
668936612
904867358
266814195
1316452359
1534151625
866558842
405421652
89084472
392431747
1162830365
1336330160
1303599260
1889862306
1751515948
1231651128
593730419
1098867500
1936942490
367343247
1539227585
1315951263
991370047
106999007
1896596215
1729070163
1017990546
143663622
154406719
1371624956
1227617283
1284656366
1482574441
154805579
578213368
1509150971
1983310189
1882037683
665285217
307836573
2017079964
1803214921
1497204474
153000709
212072552
440960964
1451135261
129853683
996406988
330672804
487998017
2050722990
960126297
1530764656
149914131
1382855950
1670295519
835082007
1272789039
1669682099
1514915764
497908088
614709115
1250438744
2058248100
774250493
1323779360
512914241
2132817013
368686690
1595004198
1662477010
730883093
425736596
503953067
1155252282
1809470818
1313367220
2050263488
303192908
1163334294
1412328506
962427104
427697518
575250510
816318775
1330335758
957572010
605387573
171357875
1589816202
559460322
1891042897
803021620
402266159
1088527136
1667781610
2139289696
2076811116
1841816332
1012486930
1468152506
1002232029
1327844470
512297942
988521352
1816542085
90133779
1706963967
407074517
1363413162
917966405
335021701
1171158930
2037566030
19043091
1108666257
354335704
15662917
1747768
1232797485
193610569
1160195832
1675513175
887592075
179392916
121192116
685167180
1204589551
1498984214
1481212591
1684196253
2054179129
565973406
999269530
2105184015
872020243
423563081
1799166428
1518381397
727098035
438771084
966951792
994150883
1863046221
552549969
850719068
969464290
1866669081
1005460792
417965004
1936199740
2067218428
1334935294
49185740
70317270
877987286
1602094331
2142186911
2069882078
812906087
999319237
1996097214
1641859641
371729630
657286130
1419147632
171366431
1223992576
1537200123
2035617794
309214915
1740044785
798505533
1530120612
2090870826
10381219
1683477529
247243488
928804893
268873944
214456122
636087223
372353338
1765567445
98356726
465282394
99819812
438941605
1580416974
2028126594
2005251546
801946630
1261265936
152747372
1119579685
2110127605
464952476
2140648053
1712514859
1575170769
382704323
720803405
2133772577
1038867502
2044473419
268371163
1806341406
616535609
381021839
568429997
1840594442
145400515
1674466755
605232922
1085218485
1985207020
190150229
353749239
1058012932
40882541
226887280
872984818
1697839686
454528897
1678118298
542945934
1601255589
1558050417
148596861
824755387
1112640951
304443323
2095417027
535879441
279064116
1097348574
339862810
182696105
640863938
1539317701
949413207
675240600
1236835821
1956608205
169395895
1699880969
1783278386
1425739637
1112973376
1863146998
1945922874
1740522657
1805213510
2046332035
344275236
98862475
2063395849
925330423
264150267
849361479
2055976572
21184343
1227927367
841863920
1839664416
1868486305
50496959
686964084
822788111
2093925026
1821779228
518958586
652259861
691711092
1325030408
1778926571
650189305
1211263640
1615993653
1455469988
1799771609
1398869420
678952075
1801833654
388453043
2007088841
1503513465
1074797784
280603136
1063119227
1922236525
312868714
1147975546
1096403806
1658470750
404651430
660670719
1779180369
1642404230
2081452901
1590930062
2020563546
869153326
1473565836
768274541
1099309078
433960609
130522897
1751810413
2100499675
690474306
773956525
1034847045
992131948
1691217850
941485856
1093266204
2030079064
1156766793
373308956
1960973347
2007213295
980269630
1346274767
530701918
1089285090
1188383617
518404880
1480636290
1935287670
532374862
2062983717
914231290
1416368484
335675900
972296495
207085060
1403472977
104226299
235712307
659222776
446418661
1408479709
1659230661
30799529
1255965834
798374795
1060240211
654587108
1116935107
1478518936
350305291
433264917
1193382438
1044321202
1413224298
1628823561
10567160
435611444
1742569570
1345107918
816117603
30676697
15916583
832101815
1276629846
1402389132
1057147799
676158076
1593557497
979989595
1096819524
1068768894
1053942476
1960070025
956138015
1792630823
624279643
2079753922
271452866
1428897392
1229868448
2000240489
228774745
953796988
1607147253
248072206
1564543022
138654562
332527796
1490239483
853765329
320736008
1328049517
551292397
559580640
1766425386
514254275
1321276384
94983544
850257786
1027476451
1460571651
1479619640
1696367074
19739810
227520203
1239281903
1900302821
1947729970
1281567268
185336034
1917786147
152243329
1452802497
527772347
116152315
1730360111
1350665364
1787606544
1719636299
1890086185
1320063834
150653327
200873042
543495655
1038048334
1056391620
2109010359
1826875454
2073419773
1388243591
2092017827
109752034
185643321
853714181
766006537
1900888700
583303719
274637929
1848262661
1750339428
1239429236
752913190
1392759906
966982908
623911588
17158883
971184438
1702965416
435218571
289966340
515896488
1857013357
1492005076
2036795858
535206098
1292187941
734676414
1576272966
1709743297
358929500
1251697383
1963372663
1027564441
1541745099
1280267841
509067933
372413398
1693328495
1033567777
655770817
918519981
1875309380
264394358
923279619
367691664
571844003
861857558
1304217223
506561489
1003877173
378897716
2085942014
1038522974
870992275
923367918
692669132
1647099818
1581373820
225067011
1883900379
1749252525
1329593778
601500322
1265415932
115703809
1480390001
1958700893
1627481077
1054211117
1413319821
435547452
2033689643
2020756479
1644096295
1810893550
1892942829
140134418
1254975243
1446798875
356084314
2099196016
1609617577
776166869
1452699633
730431824
1348883886
653976108
1975342003
680006144
1573368639
669971168
1554897143
2069823454
1128337874
1080956721
767752138
777193344
1743946921
67911891
1382738432
536219124
78628587
1092856830
636403420
360954913
1667264608
1403154081
1136082775
327757388
1307343816
1198295222
1833930000
327211447
524589273
1896179633
1606583761
859564643
1213424596
238087954
1752602042
1074035447
1276918979
166410266
2147238413
1333274809
1671305297
546790042
2013157013
1632675256
1188840517
1169731814
1028079539
2009598732
1112848797
1359948009
1446886150
1109445942
1053505091
1285968978
1911793846
1916097697
105511022
1097861612
1183082334
1492212810
674010520
125733388
1806484628
1717000315
1284966167
1862219811
1054682134
39208882
763536987
1188436851
1764188050
1079537569
1110209219
1582004447
2012455185
775530575
1691065116
465565659
1274927618
811333468
1739383990
804316290
1163520223
570121569
1975462437
186466502
667344766
1858983798
1558629265
410351297
1124834294
1468708557
431065786
1741332011
202622508
373592187
1642196109
1787782885
1135270905
196290391
1835063899
118217393
262379001
1874776571
622189756
474368005
2106887923
1005911784
1888610815
766953460
1069004768
2116393158
1946051148
1820324172
998818458
644033736
1191277401
62810815
655838498
1780208942
1961016773
262811193
1346647950
1411320292
1506719252
249524048
619589261
658807112
910482248
257046234
990385304
1361783561
1478786328
743368088
1146393528
1212731178
437087184
1369108495
1303167470
1919826726
1233488836
1013728631
837575234
1996846894
1881794162
178451405
998042731
1826545038
1807840051
848804611
1302406423
1785425453
1978757534
722166103
1119203545
116496435
1916194682
2121120449
725068717
2075769797
1699066973
871396742
556330792
1468122603
1806167269
1254677994
486166848
685467795
1208258450
834988802
924763573
1401852079
394712383
1510672040
544140316
1641143417
1644150587
2090934919
573781126
1581577174
1262339336
1448004693
899900625
1932838104
894395311
1035408161
881649803
619693662
865667262
1061302210
1312683390
938509014
1786016480
515637871
2070556380
1250348323
1041711639
915117933
438178056
2022449562
1063260568
1899562211
178327550
1152767269
1233458499
1186599881
66777697
2120209546
236246205
148063743
2035258144
1314182598
1693007404
1608641402
822924227
1699020179
2100750990
1958549657
1721313624
2036996873
1600523702
673607574
1265487348
510180193
41954277
966840087
2079211752
888109012
995446529
1704073188
1199529858
1661599650
145560948
645290932
888864893
145981486
981701796
834529056
826383366
101461318
1209510154
1540667577
1006250603
1540344705
823127537
1458116405
1596523362
661077697
852833997
510662852
1674127348
1347239640
404030518
692194688
748683525
1151235143
986451584
311811843
934952064
414146338
2027986935
1715574548
385946403
2105969167
836114620
127360889
1002561764
708815725
1025414711
521759984
1148623359
616855185
296048695
120874808
1312573085
1360133931
939269550
1918304330
483217186
1468903623
448746242
1849068709
656933651
1893399664
1474858001
1543212743
820405410
1616051823
1870947268
1754154935
793961176
668040753
1614314318
711622335
907431006
337562182
433582850
1147327032
1553327336
385094277
1301305039
833553277
1465722687
714080846
1201576025
749064193
1725783529
1160477928
530272436
632949117
252042358
1148878344
2078745535
2094776130
73024362
1759723635
775143195
391735980
534304962
1834347706
2016644807
82456759
1775869733
1573990949
1874977114
1724476075
498038185
1606699947
989255131
1021102067
249506366
717558556
708185408
434207500
1104480443
899212385
503101826
363987865
734007427
1031353052
1872970841
1660766099
138582739
1877529321
1628465049
1163971997
312138668
1753028998
52375849
1222838901
1197623127
1808667663
1121389723
560452487
1655277210
963852833
1378651245
1191717019
480723829
1688607649
863194331
1415030447
671791257
1811590357
311749215
1756698080
619154790
347402927
707175879
2011735169
1086269599
264106283
1278668784
1353285966
134497197
1496702414
952481572
1582147259
1513629836
1849669709
569241614
1375848805
1678615638
1996655440
494171222
445938602
158619754
1461630795
207089885
910080084
481276985
957991308
1287601558
553985648
1648853421
933855572
1826560255
124815421
5541430
577684764
1002823996
630253376
151689842
1153133049
1728808142
883306357
352934519
1351208729
332236020
797051807
76607680
66809709
1237484446
702674112
869461427
1956883297
1848538890
784172709
350191051
733359302
28851454
2079607705
1639911527
1963222737
1093855136
940003642
96690478
514577469
301514229
331217000
312438301
1485747595
1142655476
1792709209
1527022638
994783594
1728933446
1400536265
838544550
310434097
1109335453
1686540111
1318151420
1274196872
82046382
64211915
1935944545
479465255
433709004
157377532
1738607088
535855030
255547683
1839220270
66906740
163808980
4318349
1442939664
1952980176
857377588
2147285012
1615593123
1134303759
1545854945
198531077
1468989007
1721642505
1274527138
109400493
68044304
748343726
1817456760
240625587
1532860109
2108694514
512957252
109226514
975994825
100298581
422679429
1494389681
1528862002
1209842190
1278342975
2091771808
1957379543
1680809683
1117142776
825239537
606693879
1477993544
105262557
860020785
1508812084
1501300993
1108156929
2002951554
893523367
238357046
756377285
666701398
938154509
124660482
679676754
1471095754
1339316510
392898135
2024693571
1325248156
1034367998
128112003
1988448
1003524555
1043246541
713094487
350567558
77612234
686815833
1520882681
763766434
877068128
1507329523
862769480
389015004
1709345055
289433695
945503207
1275206608
432621182
1778603237
1911534825
1465607927
539278741
939342212
1038935063
66822692
1248685173
55828294
457500384
2050185771
1453812514
1229323695
168526814
1669970844
461173551
658723663
1298386177
1733581485
852199156
1069315447
1621981786
751851317
1653215853
2056956168
351332230
1904377557
1975123890
683882086
1817001397
1578905393
1442502927
126798476
1838871638
721214044
2046276287
1439995706
590180961
1808019282
1994339914
556926025
2134981184
895944862
2131413368
447931422
1003530843
1006199580
998697712
587939133
1759509566
1459732185
1492549234
257088245
1953614953
1892576278
1273782958
1891891001
752882869
1024157292
821185215
1736535951
1038754654
1826586633
1319728455
1191057185
1225177265
356630296
1818327847
1365628914
454169939
1126428479
113971163
528643370
786588459
245205314
179318129
1864425618
977896173
1787966148
1484310052
538522907
808577092
1535195182
1515894169
1726646424
2004143771
442466984
872762293
1149036172
90353801
2108927045
1225026329
808379934
291212247
600044603
1687999803
821652777
1524833326
1990194511
1243799074
860574320
1844827746
1917591631
1365664190
1550299374
1285951061
1819483321
1533179105
78437964
1305825673
333533562
1703734238
89593452
1708433478
1859188688
227111101
2066812450
1198968676
1171339856
222659351
794148611
491453622
1140392452
742284180
482991701
1340710931
71185324
59198719
845713702
1578984194
156516133
649518339
1535512440
1993967873
2105606888
231370373
937691289
1979863666
2021991849
921958301
1614723729
1353212963
321202207
952294706
1425460917
1109319032
1278382307
1959833136
659238233
1373923127
1044952178
850139241
1280776867
626140400
233225037
96997637
2126253690
470291207
1028171840
2103102119
1571019164
968686432
142295231
1912058655
79612367
1813039781
1690491243
1676235461
1781178159
1239593015
816523444
1384351608
401228966
1643183
1175871897
1702114611
467885434
1818231567
260307084
220210760
1112922625
1640200330
430675057
536573245
613606767
534068972
412011972
606632512
58433232
266543527
2070707673
874370631
405090065
2067823996
1470791743
1245959624
2080828984
40829634
200730686
469959954
1450207668
1906643542
145738880
1682010183
1641037263
2020392736
1899031244
90810614
1840370751
1182604861
1964541421
1936608089
1231501788
1746939854
2097741745
1752063272
1479892333
588401244
1644351757
105545752
1034693019
1181520615
1900716638
1379963379
1958284295
1132112778
1795777994
1159918677
1293523831
720659148
1804629445
748312064
440217387
1821822341
1552538032
2075424733
662657358
455398762
2088563355
812648336
756176520
1259202104
2047996459
547178934
504341680
2130314106
1233296791
736947646
605426335
2112172278
466419404
1325532513
1388296992
1860745146
1487193521
1366407615
2049932547
1710191038
803879813
1852504087
589079121
721086006
1236912739
1726607395
423397529
1576116343
1930771175
1618927118
1574255721
533449603
1222109675
1651325459
1623267800
1039776819
490297451
2078279603
425370688
1722856448
1907726215
1254203026
63497994
2131019373
1307128486
1594943215
219664802
721120021
736516534
267625407
378347657
2058413644
904080786
1038419044
501319048
1323520629
1006448765
31021071
1166991618
492352480
1363934411
933452975
1633648227
255992157
1572701087
267731860
1425499573
1872014178
5780943
60761509
860877905
1039223764
933468388
399393082
808390322
515885173
1782442557
1437334423
312892773
1999966699
1479381586
879837190
2126259996
582764905
1483164182
1131574928
1537636834
2000828156
829289590
1131539543
1687844202
1238735476
503270911
793388947
389851264
1770741997
798012572
694108455
1230803873
1379690745
705784188
1289616863
2129953446
874717035
320589586
1228996937
981995418
1262083779
278218038
931140653
966829
1579129649
668231017
542316714
985486146
1054278984
685736246
1236395502
2002216483
1082977600
1162962099
148104593
274486484
525684968
1443921703
1896213647
310195717
907746854
145317
234688
444216
3957061
5420531
5495559
6172389
6829709
7879671
9384942
9836822
10164070
10405565
10742134
11610653
12928445
13967855
15388621
16078948
16866995
17495833
18757738
18931103
19027587
19732481
19802775
22468821
23074273
23136537
23145544
23370597
26553663
27185307
27375176
28173968
28299397
28694592
29494833
29861565
30488853
30571146
31423566
31710322
33136456
33464414
36118542
37028519
37435019
39757604
41135711
41790146
42930219
43310370
44255492
44357356
44922302
45526652
45930049
46660406
47068766
47681766
47717083
48187200
48204554
48480326
49047534
51840873
52942829
54188056
56515644
56526290
57649496
58390465
58866163
60007463
61121739
61990921
62028889
62374872
63957297
65445630
66409225
66615091
67287667
67289544
67474312
68146547
69206837
69847411
71937405
74792562
74871286
77330300
77435966
77919373
80397125
81000473
81263486
81382163
81929232
82015934
82306709
82975024
84455962
85542705
87483672
88512693
88762312
88799761
93819966
93938271
93995465
94483211
94895578
94932705
97656612
98205426
98725575
100597842
102297864
103693135
103908545
105188553
105238631
105538531
105692810
106489612
106541041
108820209
108926394
109268482
109479137
109880568
111813772
114199481
115067796
115371262
115494939
116735555
116973054
117974377
118107699
119447998
121034237
121668329
123522529
123992595
125158060
126281589
126364059
126530523
129351176
129974530
132283222
132517543
132785639
134562721
135672027
136393929
136523755
136815325
137099411
137509427
141161797
141298371
143245539
143303408
143739467
143935353
145252769
147214632
148913727
150031895
150074367
150208513
150545796
151285907
151795449
152150470
152455605
153024720
154242066
154341819
154680653
155632454
156428672
157026137
158018011
158167678
158515770
159246290
160006983
160607308
162115695
163625683
163865095
164230253
165019668
165984372
166332915
167824140
168381355
169034251
169188619
169727861
171454605
172745665
173119305
173779205
174369181
174520043
175683070
175755239
177227609
178348276
180059416
180507927
181450916
182103149
182250405
182779331
183116372
185087284
185104440
185628925
185655805
186514732
187932941
190265068
190786959
190866113
192055828
193164033
194070942
194153125
197759637
198402421
199132522
199139549
199258408
201000237
201468327
202435049
203407962
203776113
206327291
206736036
208437642
208512167
211329876
215757567
217570960
217572562
218251921
218663985
219654484
223009982
223198306
223210085
224419109
225011936
227565799
227830194
229163311
229612140
230240740
230251629
230841746
230860196
231006085
232717550
233553715
235498832
237048034
237860094
239985974
240541969
240597042
244840991
245467958
245925840
246875958
246878228
250036194
250319567
250372491
250690038
251504430
253225002
257156310
258550780
260217388
260806543
260929287
261367932
262117186
262134525
262295635
263725939
266011558
267486204
268139697
268140053
269397917
270863307
272209820
272852401
273765618
273889755
274026844
274451448
276304249
276378961
276734056
276817872
276845599
277176918
277830447
278719951
278990670
279409796
280248241
281449863
281846682
282386651
284858886
286206635
287965927
288089766
288692577
288962633
289124008
290779693
291959585
292298754
293726270
294716989
295818460
296135694
296546669
297960043
299405700
301823592
302767467
302812372
303402570
306039488
306261417
306458087
306551116
307165872
308141341
308223295
308588320
308600583
309880851
310720920
311415504
311833335
312736427
315824210
316650078
316757013
317677495
318145598
318770029
320295738
320387235
321304876
321771656
322796527
324737660
326637069
327797939
328612160
329528673
330248628
330717359
332732963
333484903
335221198
335380747
335525329
336228425
338248298
338566943
340568981
341549130
341926014
342358291
342462887
345646111
345993564
347102809
349215640
350270205
350305773
351851772
351964508
352420733
352632891
352675936
353693348
353847621
354201869
355200231
357114346
357282222
357695254
357975706
358947154
360214473
360639263
360728508
362565753
363053779
364823602
365497041
366566961
368126706
369744333
371411872
374247467
374362976
374742726
376391667
378159683
378562886
379504074
379924768
380190130
380706958
380930370
381478239
381853244
381927942
382952532
383323171
384516578
384915953
384955567
385379811
386054374
386107195
386209903
388059634
388537097
388562085
391153085
391344399
391450589
391688090
392409630
392722197
393249904
393567565
394338125
394896917
395340097
396962654
398984714
399458991
399917203
400746234
401050788
401617468
402102004
402704969
403112118
405304879
405544348
405753558
406028543
406542135
407582155
407740415
408464044
409907648
410241739
412992569
413096336
413942752
416729068
417405031
417886775
418599603
418758069
421504182
421568173
421611162
423914317
424979981
425611855
425892623
428236509
428440809
429134625
430315124
430727438
431110019
431152361
432264818
434920553
435053976
435344912
435790858
436190635
437605723
438323969
439599923
440914328
441335515
441689154
442341904
442911193
443449133
445095622
446223222
447617842
449061235
449303876
449587612
450458968
450917166
454069212
457953192
458922690
460128291
463404628
464319728
464990932
466090281
466485055
468438461
470280583
470598876
473699471
473762835
474143772
474835523
475264168
475287249
475789491
476886907
477598836
477889794
477977581
478201597
478376183
478642066
478840811
478850550
479093954
479142080
479379055
479921820
480431039
480781940
481494103
482121478
483173221
483359288
483740110
483779707
483806694
484308856
484418421
484640759
485810882
487055128
490546580
493899849
494147873
494750242
494939962
495287048
496067647
497834431
497902801
498853195
500017991
500702850
501489101
502692744
503166020
504629575
505239309
506046395
506575639
506773418
508217909
508913566
509049800
509147517
510238624
510405861
511046332
511395274
511489363
512097279
512636726
514871312
515031786
515567878
516350790
517664121
517666333
522067931
522233229
522938557
523920526
524061092
524880226
525115552
525200284
526289952
528761960
529043614
530271829
530534978
531147655
531487833
532520845
533043046
535344576
535454522
536150826
538146299
538213940
539782262
540930402
541778468
543438255
548231236
550064907
550642604
551448524
551453490
552059309
552772468
553229261
555147866
558337435
558380290
558871909
560727558
560830888
561094139
561335951
561506195
563431354
563576440
563599221
563646425
563700886
569085936
569836912
570358888
570838150
570849508
572454055
574028586
574281260
575464258
575493431
576221945
577046690
578114604
578181553
579306452
580161742
580386930
582720662
583254575
584802405
584915283
585894958
586487040
586559910
587085012
588342913
591445804
591832106
592284706
593113510
593423950
594802304
596248121
596478982
596539240
597973665
598046246
599133874
599878928
600279002
603877931
605062412
605588945
605821911
606995225
611384404
612121983
613583033
614114580
614247570
614330782
615556961
615986000
616174084
618596592
622584420
623199116
623624050
623784816
625773203
626536899
626787164
627123519
628722398
629421096
630272217
630690803
631300257
633864265
634301104
635042720
635109775
635271245
635568017
636373050
637195367
638237972
638320373
638478162
639375935
639994778
640637071
641856426
642085239
642464473
642779149
643440839
644617820
645055102
646949600
647771861
648362663
648861960
649127798
650787874
651701284
652305103
652307789
653378726
654151319
654721342
659717318
661406872
662603840
663165305
663656950
664130034
664333973
666995888
668261386
668779228
669282030
669404929
671162953
671245843
672592980
673011173
674903191
675729343
676826493
677084441
677102437
678087441
680119783
680615155
680658845
680829247
681171456
683360830
683394983
683556543
684127766
684265337
685578912
686022193
686601351
687399428
688611532
690313261
690854547
691030411
691400273
691736727
693061500
693159005
693731033
694251703
694582989
697177817
698338796
698780565
699147136
699463126
701536582
703296189
703817506
704648174
704773924
704935829
705052679
705408404
705523911
708204698
708967016
709373790
709451716
710399351
713212181
713673046
713895371
714210476
714634592
715255411
716198234
717486327
718540728
719860093
721722876
721788331
722047134
722304793
723733026
723869882
725469203
725566985
725726035
726240833
727270308
728105025
728309221
732116226
732813849
734141564
734221175
735578240
737182813
737183542
738847237
739052252
739612026
740124547
741801876
741820605
742155226
744068749
745142497
747055154
747890495
748012018
748410985
749031207
751749521
751826080
753062154
753726853
754858252
755952193
756579608
758429398
760013826
761828703
762518079
764210567
764600476
764986162
765035758
769004862
769861680
771086137
771364491
771409645
771592475
775165511
775535087
775708208
776250185
776410618
777181244
777418333
777837936
779960890
780901600
781675626
783934276
785061090
785648041
786381472
786921239
787103134
787892064
788080737
788178286
788373097
788543500
789048740
789868771
790048403
790897618
790903451
791274652
792414224
793405459
793560426
794867011
796011639
796597147
798555375
799279381
800102210
801227306
803366398
804580975
804620708
805596439
806239562
806602057
808850580
811779362
812172500
812310331
812993469
813788957
814266569
814345063
815026621
815045226
816639199
817704555
819119052
819887491
820173515
823304217
823595561
824597976
825809886
826424927
826523997
826873436
827314944
827789329
828061521
829816536
832323179
833421409
833660829
834615688
834790686
834955943
836019161
837684996
838218834
839496897
839819628
841896107
843404768
844183210
844306521
844326056
845128127
845519227
845611466
846291455
847171899
847811001
850025536
851007907
852268735
852513653
852892347
853091390
853718187
854037332
854292497
854301227
855796255
855862646
856476387
857027553
858197906
858344221
859302785
860260492
860790258
861151169
861536378
861579998
861926646
861997646
863038474
863704977
864443912
864729912
864805459
865761506
865881885
867033397
867320255
867416940
869304075
869640848
870207319
870495559
871722004
872789184
873637103
874241608
875182593
875361898
877098612
878351206
878802829
878872910
880512917
880741752
881173641
881235755
882969827
883622233
885153918
885592560
885695046
886367072
886674499
886838725
887048999
888150567
889202367
890107380
890923808
892486437
892952645
893960841
894125663
894674039
895606664
896770399
897895552
897947818
898582388
899043125
899596441
900340387
901263718
901814790
902528987
902584733
902616128
902904721
903250827
903285548
904321234
906512993
908494062
909703710
910080262
910895195
910897859
912069200
912491901
913256950
913750839
914062998
914072962
914605972
914626599
914802463
916311777
916627044
916743708
917095358
917716749
918383262
919972723
920002074
921548561
922808770
923373938
923922828
924323789
924652626
925398724
926098482
928684818
930163853
930953191
931117027
931303065
931705195
931757206
933345349
933900446
933971025
934121064
934838977
935406107
936048382
936600309
936690410
937197736
938246647
940876276
941974776
942071791
942567929
943509243
944336288
945122103
946353487
947793372
951064987
951570654
953077729
953353964
955430339
955622118
957162407
958391992
958788878
960799559
961092486
961838120
963101145
964284636
965859026
966643977
967389687
967574895
969030708
969146655
970016326
970515079
971674803
971752011
974258794
974943551
975912258
976030117
976304206
980493021
981405973
981819932
983929611
985497905
985669734
986292246
986410755
986584457
988005715
989216627
989420877
990550833
990690394
990864467
994459774
994714583
995025677
995690839
998721928
999103913
1000213994
1000486590
1001929070
1002582251
1002947676
1003165803
1005252656
1005500711
1006520301
1007105055
1008593830
1009354207
1009771059
1010848842
1011383795
1011420479
1011528898
1011748344
1012694221
1012958245
1014580566
1015190489
1016839650
1017040849
1017865542
1017939157
1018782718
1019028034
1019213418
1020031094
1020853048
1023950740
1025528492
1025870135
1027697664
1027938473
1028561179
1031178549
1032938251
1034630145
1034694683
1034811747
1035149036
1035360679
1036662942
1036685775
1037094851
1038542884
1038908375
1039877950
1041636073
1041705026
1042832575
1043214804
1043448010
1045154109
1045914180
1046787014
1048416868
1049846453
1050801917
1050856577
1051246893
1052390816
1053672567
1054454034
1055221716
1060038528
1060116792
1061184691
1062263785
1065343852
1065698592
1067628817
1068244685
1069163055
1070745065
1070868327
1072964327
1073712085
1074780774
1075073416
1075484877
1075602095
1076084498
1076828148
1077068329
1079912984
1081219302
1081298551
1081681665
1082147012
1082657968
1083019351
1083614160
1083805986
1084238723
1084426700
1084500163
1085570294
1085738771
1087481719
1088311869
1088451618
1088591075
1088708657
1089222121
1089316386
1089395542
1090298061
1092072596
1092658140
1092829676
1094265122
1094854973
1095514969
1095546572
1096769229
1097835239
1098213225
1098377438
1098823138
1099245237
1100726024
1101474211
1103148595
1103513635
1105003182
1105670953
1106713792
1111142612
1111244537
1111964071
1112317343
1113609336
1114540101
1115168556
1115453040
1115512108
1118214422
1120659581
1121177444
1121682892
1123408175
1123827220
1124565127
1125259782
1125516598
1126005412
1126456233
1127290920
1127577081
1131966058
1134034526
1136255914
1136655924
1137105776
1140073751
1140633074
1140975298
1142061724
1142245672
1142419753
1142624221
1142770667
1143285272
1144300315
1144384315
1145278023
1145501214
1145734918
1146517761
1147435906
1147803502
1150482266
1152305098
1152326138
1152651412
1152727945
1153082567
1153656824
1155982197
1156638787
1158248066
1162176621
1163373740
1163540342
1163644432
1163707886
1164842346
1165321702
1167594474
1168171838
1170909975
1170939419
1171065720
1171125774
1172030558
1172117995
1172317570
1172931935
1173483094
1173645569
1175301379
1177297646
1179769083
1182562179
1183455144
1184099042
1185248267
1187254953
1189312359
1189571116
1190102528
1191886334
1192542624
1192671546
1195093527
1195644253
1196519924
1197919676
1197926815
1198159701
1198188083
1198567251
1200112250
1200480528
1200579998
1200939900
1202982130
1203426958
1203523430
1204464443
1204795872
1205107460
1205497802
1207416556
1207956759
1208549712
1208899260
1211556706
1213090898
1213464891
1214155851
1214350999
1217247492
1217870694
1218087271
1219558148
1220557120
1221373081
1221456719
1222103058
1223646593
1224574710
1225918066
1226431206
1226777500
1227140539
1227278444
1227606238
1230513078
1230530280
1232035132
1235298032
1235618081
1237334942
1238976873
1239393608
1241176537
1241286375
1241523469
1243053706
1244383323
1244620871
1244955929
1247882197
1248057704
1248409827
1250439386
1252483841
1253419710
1254775912
1255276215
1255789289
1257449016
1257608600
1258460517
1260282554
1260564422
1261190377
1261353649
1262259679
1262301728
1262481436
1262527821
1263319962
1263526731
1264053459
1265477103
1265578989
1265607638
1266146658
1267104464
1267740115
1267875436
1268370611
1269358583
1269784884
1271623216
1272351357
1273868664
1277433002
1277504295
1277813472
1280264897
1280993760
1281130919
1281219951
1282067820
1282781313
1283041431
1285071847
1285351452
1286306541
1286708967
1286926530
1287289029
1288621449
1289200990
1293322540
1294613909
1294854402
1294861306
1295468671
1296431615
1297081629
1297154050
1297398735
1298215332
1298494321
1298626970
1300600772
1300894167
1302378155
1303249079
1303395614
1303471134
1304023797
1304067532
1304385066
1304770819
1305744034
1306637049
1307045737
1307959227
1309961867
1313128234
1313512061
1315107696
1315837049
1316794597
1317277109
1317959274
1318340023
1318490812
1319452142
1320044292
1320345207
1321889162
1321951248
1322198456
1324504032
1326058336
1326177088
1326967829
1327853971
1328386800
1328859382
1330234918
1331935474
1333213900
1333737559
1334085328
1334346585
1334367835
1337595276
1337734275
1338364924
1340583296
1342355904
1342546292
1343541740
1344071456
1346748563
1348032552
1349717847
1349962892
1350164543
1350636143
1351641736
1351763482
1353119499
1355267673
1355337518
1356425088
1356585111
1356927300
1359181581
1359872485
1360046460
1361778931
1363449271
1364544334
1367271134
1367434490
1369895935
1369896767
1371237205
1372197852
1372475198
1373764192
1376971073
1377500486
1378041532
1378682550
1379122566
1379154705
1379521135
1379733053
1380251100
1380497170
1381418842
1382137745
1382877604
1383323649
1383721684
1385205651
1385304210
1385369794
1385613490
1386138938
1386379543
1386572043
1387477570
1391541604
1393116050
1395393433
1396826689
1398431619
1399278775
1399585598
1400716730
1401569608
1402520716
1403178208
1403250649
1403969871
1404247638
1406900242
1409462599
1410843789
1411781353
1413222663
1415842678
1418667927
1421729032
1422719933
1423178840
1423215331
1423632480
1424544721
1424614167
1424973620
1425402653
1426751094
1426843758
1426936388
1428460515
1428699612
1428774617
1429603262
1430317470
1430433901
1431708175
1433274620
1434113965
1434685505
1437457079
1438293907
1439764070
1441349602
1441355699
1442412965
1444211065
1446082111
1447108941
1447653691
1449368400
1451227398
1451451229
1451833143
1452991683
1452998931
1454773008
1457588673
1459460481
1460023135
1460280408
1460506267
1460729724
1461112509
1462128760
1463653940
1463718795
1464007713
1464244175
1464489390
1464907798
1465867560
1465983890
1466585488
1466720094
1467649334
1467716481
1468638699
1469788809
1472159646
1472247534
1473177772
1473702473
1475304751
1476144065
1476300920
1476918896
1477152603
1477716247
1478830714
1478971315
1479521187
1480047707
1480371481
1481528737
1481535982
1481596670
1481623713
1481647969
1481962382
1486560255
1488199235
1488984063
1489626637
1491598558
1491840541
1493153171
1493294673
1493725978
1494548964
1495361563
1495559617
1496052180
1496696582
1496744313
1497363094
1497605396
1498606644
1499188075
1499981070
1500176660
1500615963
1500689824
1500838191
1501356135
1503678493
1504322848
1504446948
1504813763
1504923118
1505309507
1505470649
1505679914
1506257861
1507035721
1507758876
1508495043
1508812114
1509289337
1509468911
1511236409
1511929266
1512312384
1514016577
1514224998
1514315465
1515365495
1515438457
1516937843
1517091983
1517987630
1519267057
1520525728
1521094944
1522162978
1522287666
1522839656
1523681504
1523750562
1525389150
1526574836
1526979492
1527007900
1527108789
1529903668
1530542282
1530770207
1530868277
1531252294
1533197375
1533355907
1534607259
1535318420
1535451807
1536715777
1538489274
1540510313
1544074681
1544228442
1544446203
1545536717
1545881939
1546071098
1546434332
1546511199
1546601272
1547376387
1547807378
1548257899
1550237495
1551479462
1552847964
1556115829
1556867793
1556887871
1557169252
1558032681
1558365432
1558583141
1559287950
1560322278
1560982636
1563326813
1563566701
1563878156
1564127583
1565076367
1565446058
1566914287
1567497402
1567564214
1569343546
1569712616
1570592184
1571311009
1571646955
1571739759
1572910458
1573452579
1578872722
1580415157
1581523339
1581915126
1583017431
1584246493
1584432306
1586017854
1588037167
1588965147
1590201969
1591303116
1591848996
1592337362
1595279388
1596755632
1597104007
1598615778
1599213178
1599977477
1600305915
1602032844
1603149683
1604844163
1604991043
1607778444
1608095839
1608113362
1609235355
1609439312
1610292871
1611811372
1611930390
1613741589
1614318112
1614705657
1616401057
1617514579
1619938904
1620089363
1621327521
1621417576
1621898169
1621977724
1623962622
1624858607
1625292415
1626624214
1627223843
1627984926
1628335589
1629584768
1629726336
1630060787
1631819895
1631839173
1633213812
1633932161
1634975661
1636267568
1637147727
1637785815
1638683820
1639742797
1639853594
1640446884
1641368104
1641685535
1645986523
1648143902
1648236101
1649210408
1649926541
1651952286
1652933236
1653198622
1654358583
1654371236
1657655580
1659895637
1660034281
1660284211
1662637513
1663156822
1663202243
1666155485
1666341464
1666713686
1668152101
1670806309
1671513192
1672727003
1674927687
1675163796
1675910430
1676900158
1677922003
1679978645
1680016470
1680359155
1680818726
1681666100
1681909500
1682396781
1684829303
1684835692
1685995443
1688540797
1689040997
1690418344
1691899928
1692139954
1692646400
1692964072
1693913439
1694717998
1695272038
1695767750
1696598844
1696877215
1698206210
1699988102
1700644810
1702060720
1702234717
1703132452
1706342323
1706736983
1707729888
1707939954
1708368324
1710017831
1710837317
1712101421
1712393214
1714286998
1714293408
1714679162
1717488245
1718003417
1719906806
1720108834
1721021544
1721731063
1722929010
1724487288
1726681896
1726845878
1727586911
1727659360
1729605795
1730367760
1730491372
1730601940
1730932025
1731071726
1731422678
1734000739
1734518769
1735277563
1735575439
1737531659
1738087548
1738213925
1739225208
1739363429
1740335237
1741251666
1741528610
1742576493
1742713594
1742845989
1742972747
1743411516
1743771204
1744811803
1745513829
1745834353
1748218922
1748559124
1748740262
1748877721
1749228550
1749763914
1749930730
1750026329
1753714301
1754221149
1754483789
1754733070
1755884419
1757386723
1758493932
1763018888
1763818001
1764522867
1764898496
1765157419
1765441378
1765522709
1766635802
1767362417
1769263985
1769808472
1770539486
1770788907
1770839177
1771532044
1772030135
1773538594
1774640084
1775169925
1776970248
1778915639
1779695928
1780062168
1783179411
1784452529
1784949419
1785453559
1785785283
1786224492
1786455497
1786520520
1786550803
1786987461
1788257519
1788544427
1789139585
1789443446
1790708766
1791868318
1793233329
1793291205
1794833038
1798274910
1798409658
1799696065
1801329348
1801675010
1802964768
1803369223
1803717319
1803799435
1804334665
1806671569
1807317452
1808867927
1809318529
1809552626
1809698634
1809880378
1810456982
1812289197
1812366050
1813340113
1813548922
1813996474
1814774795
1816248122
1820259972
1822076091
1822270362
1823168079
1823808308
1823919998
1824639636
1825260829
1828683535
1829147185
1830731560
1832721327
1833843536
1834356564
1835901680
1836405307
1836643526
1837434807
1839283590
1840123447
1842053180
1842831571
1843157720
1844960528
1845778299
1846315919
1846940397
1847591863
1847804901
1848532333
1848921720
1849217707
1850036822
1850466853
1850523958
1850736722
1853818930
1855753973
1856160832
1856404464
1857596926
1858174883
1858654667
1860385375
1863238479
1865102864
1865127396
1866016024
1866393425
1866772382
1867260227
1867621230
1868610662
1869118325
1869127332
1869903451
1870206524
1872008633
1873881158
1874704799
1874922454
1877925522
1878476119
1879220086
1880008704
1880566857
1881942302
1882589210
1882931697
1883446406
1883711767
1884031579
1885160156
1887617202
1887737833
1887773324
1888359034
1888502103
1889093018
1889317789
1891446721
1892678487
1894988681
1896208339
1897350120
1898233126
1900469088
1902041917
1902477504
1902588505
1905194358
1906414259
1907564649
1908045027
1908142816
1908549312
1908717379
1909242420
1909466861
1909978064
1910032672
1910650274
1912816174
1912969808
1913446469
1913463133
1913529064
1913529206
1913634231
1913677918
1913741303
1913778986
1915087814
1915164812
1915663717
1915937616
1917128824
1917218622
1918674577
1919303625
1920130270
1920333168
1923836914
1923854624
1924891517
1925297216
1925315749
1925374057
1926100803
1927010438
1927769052
1929931971
1930005648
1930371570
1931330345
1931335458
1932716815
1932906741
1933062709
1936608347
1936902919
1937566919
1938413964
1940708632
1940983150
1942299977
1942510831
1942764012
1943431615
1943935698
1944655416
1944876495
1945025619
1945183473
1945621679
1946398731
1946737236
1947707703
1948396209
1950421940
1950494142
1951194415
1956165022
1956370129
1960051330
1960614023
1960828064
1961331978
1961508271
1962491028
1962498100
1963297206
1964240984
1965470012
1965646970
1966746087
1967352272
1968515402
1970894264
1972679944
1974091628
1974418740
1974671221
1974758384
1974832235
1975121309
1975849941
1976184691
1978279892
1978457609
1978629336
1978830637
1980026153
1980895425
1981391453
1982253001
1982912200
1983541023
1983584778
1985018167
1985269049
1985334321
1987947846
1988049713
1989466618
1990220987
1990421866
1992041549
1993147814
1993645231
1995499551
1996605962
1996835732
1997862660
1999162033
2000385405
2001980197
2003233320
2003235572
2004327188
2005129719
2005241082
2005816789
2007798463
2008671133
2008719302
2009502412
2012358309
2012509754
2014707714
2014916046
2018323863
2020906192
2021014787
2021045546
2022343313
2022764279
2025263973
2027389583
2027858415
2028018036
2028122645
2028745328
2029398178
2030007603
2030639709
2031235838
2032011662
2033416268
2033601881
2033731559
2034004973
2034851068
2038959673
2041311213
2042198643
2043766079
2043969329
2045138774
2045396834
2045863323
2045865415
2046096665
2047294633
2049038958
2049285462
2049308336
2049611722
2050616851
2051498911
2051858495
2052125800
2052362503
2053040019
2053497294
2054176331
2054449569
2055122284
2056062864
2057155081
2057216746
2057250516
2058168015
2058808677
2060096499
2061182968
2061970293
2062156358
2063502197
2063797960
2066957964
2067497560
2067502486
2068187752
2068222642
2068572348
2069302571
2069310478
2069643644
2069895242
2070526481
2070642579
2070830506
2072084734
2072738707
2073321948
2073350319
2073405160
2073750330
2073781544
2077397599
2078717628
2080181531
2082384719
2083978116
2084742503
2085328612
2085439979
2085684721
2086216236
2086545678
2087679983
2088738159
2090563296
2090827841
2090945254
2091644167
2092596425
2092847378
2093119297
2093377518
2093724762
2094378942
2094676650
2095236549
2095667003
2097026862
2097203732
2098773806
2099540685
2100905221
2100919836
2101514741
2101695330
2102307628
2102999669
2103231151
2104103785
2104929704
2106513407
2106661463
2107350510
2109898381
2110169750
2110391190
2111130846
2112298302
2112325887
2112720108
2113244552
2114229300
2115051588
2115719079
2115974395
2116932636
2118958955
2120914172
2122117075
2123108376
2124466384
2124482878
2124639290
2124671288
2125292751
2126119156
2126705437
2126861658
2126924959
2127190669
2127939180
2129948667
2130874530
2130899214
2131220572
2132849261
2134192690
2134449953
2135487522
2138574376
2139093977
2139887956
2140345148
2141000126
2141965151
2144408601
2144616712
2144773460
2144943503
2145845788
