271276291
2001321743
2091460522
767156537
1778101982
1345968407
194515312
2092978939
486095641
1330594562
1886082053
786481460
2022669326
211589250
670170112
231455323
335492450
369928268
1710592065
1488510369
179847886
1540586675
1225594759
718890529
987665658
1721308130
1841931550
1003486886
1255070341
1789206966
695844533
1811269651
1006466849
1915671862
302255438
310975603
827493084
1844001712
313453390
887175326
793766777
93617009
607224244
202020484
1627001341
1684389920
574899815
1415733785
1540038213
1377522359
1831980455
629412573
1057436372
657454879
1606811814
2126697479
163285675
1081624936
680061744
370738509
1252379473
237401250
563311236
2140323411
743912690
928791898
530540359
777838253
1715434148
733542836
1012499598
91280531
990178500
928035106
1754467865
1559094304
1506582399
1960000958
2044321696
624122182
1223792493
2029906250
1062788933
1314631251
1296848471
257925057
1490019624
544166168
1135378969
1520398745
655444505
1462128827
1454071715
2071379864
551841640
502980123
1067695129
1561070160
2089791961
54733019
1988363803
1492188985
1656838580
1504166670
1534687519
945159529
1647720952
1194612093
54484217
749661170
225824943
1527975575
155941756
732486616
1885788765
1667225078
172035643
1049464749
1467771538
34008714
1998947944
464102091
1558887327
317935972
451326174
1922804270
1389627237
697019169
1576523834
1446922476
1456528201
474056177
1061398308
1573179985
549222723
1231342147
814394540
1782690715
593819670
1227251727
446858447
1204256590
1523053722
1482119871
2047330072
1833505845
469747253
849263035
1039465827
1374353911
1813137512
1077307279
903021757
1228909906
59861893
593543611
1048271463
327824886
1049550463
2001900312
143324921
1061027840
1172784090
568462050
2064415140
724079377
1300136897
1233771110
69895568
882991371
298708278
1926775625
1082610532
73762408
1597896804
97812594
124033251
453572150
1649450000
434213781
639043763
1757686707
1572751406
600580445
1383255098
1400707969
1920382864
111257141
101874081
1524350598
2115496633
122285492
430974970
1353068642
1107344848
960517795
1751147390
958790542
617196464
1322847659
813229039
1939328270
1086681116
970393760
124323612
926968274
894720784
341453924
1558720899
710238127
1768965938
1123657593
1354651408
1645579253
1090798951
903162663
2133659140
919941548
193081219
2015907142
1589882353
486734192
1373205528
521534633
1968119010
954651878
1066765679
1838584359
1757285527
1404133338
1537193365
592554055
106727917
486668535
428428
659915655
181788764
2113104929
778530211
1085306185
639234971
1839376499
591439072
177029979
263410014
144743376
447753625
641351201
208493887
880274984
2081592610
68374370
293476539
1073804873
1354110112
121760683
1776101715
474604127
797534460
1682600035
1479139026
1979624970
1634924532
772610157
1956387758
1545347098
1593046091
551113075
1326981512
1341303274
688149280
1511316438
532374478
531735126
399475805
1365557039
1144562304
1837168218
1330053190
1155317120
138129167
557254984
310303793
1427803900
1592876385
1939480229
1956231253
721211503
30819058
2071480225
600602810
460992075
1563887124
1951821362
232217424
1838937681
796335959
1671870412
1683561756
191355352
694095619
771758527
1673134221
1261914813
964765890
1968478508
1949804269
2016902376
1129592667
826364069
519556851
1295234678
2115328665
183170401
1746348661
2096904328
1140236618
671823384
1133157690
1515629224
95813987
1082060161
1484543725
1930007251
1905291329
879411814
2058574382
1692599335
415169802
915107680
984294083
154357290
1885859634
807439413
208289004
1706497716
139201306
1974751946
503431124
1173940347
311967442
2070968774
1846328611
1147723833
390469887
1951915718
530962353
2003419772
645499864
54417974
1429885780
1862099977
1852874314
844347090
1636110298
1076817646
1661062460
875325113
1257308434
980954659
678428396
654454827
281662981
298297820
900139640
839953375
1276813634
807403118
1222767993
1494552324
184906839
2024110043
1030498762
1622563538
433848412
703962108
1539376486
1737665483
2020634025
661974346
719406703
343933587
1964424359
326750280
141292875
249200745
1019355588
729816465
218140393
522170689
498003584
1249872505
365580578
1278614912
1866512805
616018531
1190177594
1580858707
256219283
1986472607
858190981
773556140
499801017
1083157245
47557414
2003367643
439935008
985658611
1400478963
518388933
1975035937
259834726
1912175732
112459971
551226679
1827450136
116950027
191504665
144669935
427787183
179628333
842109457
1844531964
1795709278
15401422
778736819
1107821159
1456076594
950148571
1462230820
1252745187
1558719995
1574319841
93450393
1181286206
1714228181
465680331
1520528118
795129332
112697426
1211940552
70724615
1522365662
60463430
2136693579
285900889
597740296
1733009966
1212836396
2077321654
523928479
1571360829
562221548
772576060
517140745
585762053
1558511894
1772104985
1455789839
2040910270
944419008
1065126373
2091058741
904004919
1924861233
1689057180
669768235
1516449366
1506641564
1540419127
1551887708
418577741
1745464331
1189826021
993784739
378473819
139891287
1714751211
225496605
1679704380
166881619
1608262933
1443039769
2013215791
605225225
401463512
1949703468
320938402
1515856156
112834566
260968546
503342459
1741993037
1617301548
720071823
1500780293
1936321048
1037091979
36723139
1901375605
1586466942
584438193
1853555675
1917588761
132843486
1212952756
1617983028
19859484
1801081597
1645966347
1196703867
196806136
1305928997
391649289
568088224
488114808
232517737
150610167
938851817
1387031913
311694854
1260470476
170244387
810131421
19823332
781409931
486295027
1075524635
1316577852
802552122
541580618
128858662
727748693
2089844858
1334282487
377330408
1196414823
510483656
1117225046
1146141691
266227872
907084111
65379878
17061397
799859524
2090467687
1606295928
1219102733
388684783
1276298158
1268140996
2095698062
857568758
1055722689
2076282390
1876506711
41113836
1839807384
316086117
531535660
87764032
1271837051
190363140
1383300444
1235518212
402161573
1728650802
1807739888
1407484360
1838224500
1458489292
1161340269
1858846885
1401504329
1281471778
933593414
1794181974
629316098
30774502
446254050
28098944
170570513
1719062848
846421317
1775941906
696556345
21511679
10203229
580166855
842483685
945305579
1255990508
569712840
558596901
1107240758
424424972
1267967855
1907453509
1174828817
753274724
233558055
1477268492
1916154970
612797158
57039471
1431118990
1782097266
751812930
1365288701
184784046
1629900077
1048868586
1568104703
1159428916
1082256099
1283215299
1369651580
1153803655
605235619
1463767909
1317189337
36503047
352833671
321465359
1050294904
1361083913
875456035
458304042
1703116411
773850480
1612339479
771405432
1293413798
1152438756
2142298052
262307033
1689605987
657452978
1830740251
1115109818
1911726558
1462017600
1940609169
500282394
110246993
1627013675
1767819055
44961338
526005082
1722359551
1395614661
1071724257
1859512711
1406055058
946527295
1835525449
1543738868
1722428413
1133615631
1582901674
1605356300
570366008
283417546
861748320
98789227
1000865361
1285952975
1286198715
1198289636
742671689
228469793
2098198627
810584478
428367243
653801302
473675878
452958041
2079115274
203564713
1132800224
1334297807
1634219254
287224106
1060780614
905419061
724210714
1658071060
414970703
1235841504
932352213
141351999
684068479
545493509
1232376755
771434668
459187792
258616473
434242471
677532734
1088174592
676653655
596713703
740727944
1674245362
214928864
577860452
525982657
517915329
692418556
1417570021
1602182100
2133744104
343010814
1512132287
370706580
239863559
919282758
369994547
1790268173
135504595
1574711008
169224804
452868086
1708244125
258087498
1839628019
1700461378
442409853
1237487187
1526056505
414730965
831035419
1597406495
189192224
748657236
1129517337
1558806599
1145535134
460827157
499489824
1467393565
2121601743
41503542
618890630
1152749837
1442647470
650842825
1888358553
64416543
1182325361
510643757
1311091339
1048399768
1103687806
559852152
878387706
267381952
953154317
676929808
1231588634
1691762623
965141595
1661066073
2138712193
1514171553
1114905223
1853415304
319428750
875943033
1000081422
1014266006
2146867063
1119595425
640047582
93547345
315144686
174027295
1037258008
1604070028
614110320
384651299
194371175
1655037047
1273899818
2050521261
1390105848
1642275593
1613969032
1440470091
2027307797
1662237081
1196451419
129717760
1714075234
698423693
484797861
1106410560
691728818
557545513
1019592964
1038262296
2108664454
1922011017
33591737
1465635947
575431716
1619182762
944320341
310720343
407904849
879385762
794532351
1096136631
1764511147
1292604144
1638641508
842821825
1004487589
436044526
99220539
1361567182
1348316191
1080227427
743431284
411912250
348999329
1577143093
2111124476
1166405985
2139472180
899334715
118270511
1185782474
762768093
1313188145
1728573915
1631989344
341504951
341766597
720652269
2103339227
983096492
1691215822
1102574267
1685424190
227973327
2075646108
1650207725
343154809
1175265881
1503501674
555450120
1928484910
375301439
977935088
270747289
1690693521
546732396
1192749077
1125618170
1339462504
1111246496
721776066
1641242052
928849458
1998539748
1978790354
877897937
354060644
1465148585
978525989
1843040236
1323135182
795936125
618249428
2025863704
855190044
1714883177
1760913022
163184506
1715442297
1275646185
588396481
1161614563
180278350
607827848
921205957
1655088638
1779861288
105823512
1550162418
1605036051
1691069368
1190697355
2042002625
1438207861
1069098484
303319666
2146371504
928657806
1370650458
2099162383
1053756239
728415621
533240660
350183448
979140216
945542537
981272503
309118731
2073282460
884535997
1605170021
1193716008
258607416
1089019328
2084513043
1381074448
1911194470
1458742743
2143333413
1967413752
897006735
2024464570
1732314549
1446783882
1497776958
1439030520
1912885171
696540504
1899494160
374247687
1512721446
441998589
154666696
567193836
1330845329
810740178
1319207295
1618343043
1974898033
1963511114
330848504
478361708
389124578
1664122603
928299793
1806599058
228351840
1662373353
1920641110
553229145
544169387
917523041
1306975664
1069379684
124776133
69519407
599484219
866471424
250927893
1801844076
545869365
724391472
1214913966
548249223
1343878161
29914197
1966469801
2034751999
884067500
480940154
656222638
608368058
1412385175
1408658746
1038278290
1487577093
545515666
1583037006
239065626
480405033
1303541530
1168410039
344980702
731595430
1574747418
134206852
433600073
128029967
354148541
1986384961
1110288829
2113699201
1040315747
1766431228
2016330707
128792001
1507346353
998389
1414078912
1517068785
1679104195
242445537
1007897811
2016342767
1748802173
1201706971
1815047194
1301861451
1871453951
1439334376
370945573
1355759586
1972079926
1030753829
1026247906
558018843
118508687
1433639055
380186023
1344803262
662567367
1404341103
255278927
467491436
1061443294
224001888
714266747
69042367
1776224299
1496081918
228358138
1766255871
1746063496
299177773
2022664515
2008109437
99425965
4008195
1058533151
2093178256
507895194
3251283
494286436
331769385
1414568494
696879063
1061057243
1006485013
373895125
652971001
27961411
434706384
1268338271
194672958
788054383
376761088
1880574699
1476768591
571979658
231831445
441699842
131627686
1410378619
1415094394
57872576
1552672466
725939043
1676965880
1827109676
1739717478
99106371
1669068712
1991153065
1961681284
757993403
1629027859
1955487622
1533800449
1335096813
950160360
425737392
980995125
2057698176
1082514136
1037552775
1723436386
498137025
2131462162
1736907725
317811903
1999535843
1946004566
1648804795
1842883616
1617974375
1204083640
1220519982
934870339
709714327
576562931
566044414
1351373753
1081102892
904058984
306817648
382511982
1736972559
1867794098
1971630273
1862069720
1595719484
1147795174
163609314
207077304
911146691
272951404
937866308
386507152
426724329
910853236
562464201
541879458
1698762347
1074613016
140748250
794384032
1711860962
141883405
1728386966
336545269
1481714754
1157757188
633039655
2147344558
767378812
1504423843
503410993
551706631
695595844
1914083611
202863460
925487758
1741232620
727127397
1265116209
1348278006
531434351
1439115294
1053267866
991263099
1359792523
574696701
2098181921
1423801836
1346045957
653728237
1109574370
13631578
1204015376
96307403
1796444605
947943003
1915801032
1906008766
1799119531
2052700923
726815961
660776749
579350834
500002624
73367869
178546785
1346346739
1023711577
434221858
488224697
1080665185
635620451
1644428521
1815927684
1298225804
1136116439
61152843
1256835199
1589989403
1552938386
1116917654
1225947370
1064958808
659773826
1304379157
562256713
893385574
1265241578
1697497742
1727902388
1182268045
1376871763
618782437
842097371
288957366
159929104
1349248990
654131610
385629426
291563372
702585344
1215604789
820812084
1177887858
456994964
169516592
462500639
2086147416
1351588301
489592782
940794618
1770041992
601000705
7103012
1661845953
1803205708
459757333
1860204248
1671752533
1984058902
1838385400
1628148091
450163155
959564906
1418093638
1445200001
1434022913
1572179817
390761996
259050457
415459557
821103611
2127183787
220359469
1202639472
1837084055
1993377237
206464440
1102817623
1973940914
2010656181
342807998
852521987
1837833666
1738613291
2107402669
1726093982
1052421357
638524213
659102926
1893968462
1673880147
1038131561
455836072
79288703
358631157
326862750
1290672113
714686296
1215083072
394009771
1655949362
611536975
987955258
17200967
70926070
1661293016
1044004936
1898798608
2146730414
2027788088
316655257
1261989287
176404260
1096710521
508963379
1967865592
1931066778
764124278
1396824472
1812557719
372295807
1197814550
1487015956
1852804678
826073037
1071518869
1448580518
2069302675
154123010
1983157502
1300714376
538672798
1081414072
516108981
972908381
1236891128
521477091
2052934448
1595277047
61054120
713857959
924657862
2038163138
261132103
1850043092
1397480352
65098960
130829643
252716543
2145415116
1716918913
742529632
992948030
152777328
648480462
1973408754
520938111
169531419
1323623219
398580936
406484357
1729394231
309204279
86433994
1651678592
238313883
1077710489
1922880227
481473609
1480401981
325735960
2026678017
1353627447
1759173636
595170015
249588281
546314656
1853125820
1368499340
1180138248
62194928
1999195939
2100392412
1582744500
1654997087
1270941472
980400116
1753151698
508271186
1119628051
1348781134
1756429792
1247169872
412079687
342205246
1816703506
1678670495
1937981572
351235360
1180206890
362706043
1757770946
237108257
695493760
2067804658
105021688
1410593958
448821281
935913055
1822593298
1237232220
1432401940
1578915456
1406306048
1415515101
724563384
1960977718
161268203
59858684
1139901769
587264474
106030722
1220556717
1964940161
1636221494
2053937779
157004692
840999771
2019807783
781731062
894739496
291237362
1582596813
1555170947
1059582340
1644314248
2066269036
1163671972
788602826
1062917284
1776479714
498069220
1807712564
539342419
1804447941
10286567
1100496568
639245454
1002979608
113255827
2001207639
2119959484
914468266
117486956
585737731
776143438
114281996
1027643902
724829739
671917960
1323034413
804845171
1740078820
1396098144
2539412
1624954180
1532264629
811737215
1804041528
681409036
841945599
1726233956
1558464255
237420153
746049031
448194984
1834566610
38734939
1210157730
106858076
1592930649
1791600351
1839427196
567017614
1894018136
1632834773
702145028
1666031851
1174070437
55746092
764765432
1785852798
1715672773
918089344
554496648
275917206
144819491
708120266
1591361066
1517123526
1919404780
704251958
1375777529
764744198
501940874
845324818
2036645834
1015056375
1529665978
333827298
531077582
559702852
1448594764
1327852688
422854621
782305828
1358341751
764040128
772614245
94242811
1339814870
368796226
506897390
260439584
241031171
1525340321
2098241097
82419386
1869735886
374608600
1244858453
1020539843
2146857499
1114962980
2013975661
639783983
2125605717
909225461
1177161585
1934854437
1944639122
793103358
1838956656
1696712044
326313541
30297964
1496897775
112570593
850505370
225415987
763371480
2105338404
1125540722
1602655107
1873518850
1855422547
1476246523
613511769
149015385
1990461166
1388852714
543847218
1502414762
1384498650
1278644824
238141403
609301006
1320593281
429311543
821389413
1688141808
1324263190
1559574639
1114386484
1897102524
327459062
551913369
1015994934
642410277
554207018
607105367
1990510128
1043126547
1330977801
996283725
1771295027
1857176616
1071084794
865496513
1863355182
538995950
1764534104
1245673419
1791685533
1991749278
614080878
1396090168
1292177247
1896051087
1986744737
1008521729
2118371750
1734041146
621239725
269916003
1361031688
1629517542
2109459464
2023519899
281168306
1502208500
1172644194
1495315776
2037756347
2064109257
1366070350
1733322044
536325270
1644134227
1419909370
2119348840
1495139490
478814266
1902913306
272707524
485067228
630241701
1656404964
264601168
2139486388
951722662
1396783668
2012497801
2064137213
1321500995
1842539215
1472406915
1126276093
1035108642
7864004
1349956255
1200983204
239930064
328013294
2092931818
1143532762
863823278
840788887
1687234835
404531441
344739448
675801911
1034512646
20107834
404171891
1778487130
1105893929
1440505267
720449331
1678478495
883378994
1621023710
523484934
144304860
444471715
1730452396
1083853313
420433503
435662563
517917336
1391597477
8180560
493434106
1992836049
1582001452
190905650
575085801
584114319
493644918
244243592
582463652
484719495
174241675
156675220
1232243373
1316747641
26706636
1209748282
1970384206
1935460583
773480379
1351879940
608867187
2073979616
1016179299
1580240703
1255224609
731002618
168043366
462178882
831297943
1889578077
790487201
666486222
220475648
166576636
944463486
1737060753
333893585
1000130527
1235753941
1508787141
209700293
1057475484
535480959
459431925
612117107
105615845
1137688186
1355818976
1728715144
1833457466
346219954
858273910
1727871143
516467135
722809458
1737684223
239042778
1157811752
740164198
1966367323
369812915
507396560
1256696908
585315428
909644803
3017705
290389559
2032144240
1077420598
1202302926
451942016
1428692978
932359242
704230005
1404543305
1900956224
1134523754
1846134016
1058415791
1861768303
2085243179
94488178
1491314060
869370970
1604417122
1785196159
928812773
1545243586
1935334815
318870396
855991799
1872092303
302067019
1733107061
609318105
529227573
1052411225
512153693
809579982
1322808626
104029356
139687776
2138040617
1461785011
1523327493
2101754709
2060738525
1438294
55947943
967167567
1433380000
1770414602
1578131594
219285075
451202492
985139219
2128798263
1012785443
1931469170
1600480554
595207750
1268001593
392582923
1424736449
1205380210
1372742607
202006140
1253795940
963339862
1452052507
1411561653
1680425787
530883015
956682137
750488198
628022188
1258249933
1786028928
529609774
706093341
198001470
109509462
1227675522
979387351
1759985145
2078881951
734713527
998976774
887843772
942963633
1785607628
2052011229
448671651
1398516643
1787324566
1604770006
1160386878
1131662179
1699460969
269243415
2035929677
564874727
1958151264
418716656
1780543002
1032665980
508320586
496067201
1044124787
1466440250
1255167537
584442233
1669243459
587049881
772210824
1169706745
871070157
530559260
1405321968
1768619671
1637375108
732891691
996835751
74076286
1184286857
976592126
215725966
578203826
1687352257
120102069
406190037
1497368689
470359698
283631238
1571905605
833856437
1316689979
1290276878
377366057
1856744662
361983693
1161871560
2010318810
1800372301
1883333834
1647595675
750587110
837171860
1848665689
483849613
309518044
324076072
53434402
266021526
1351132343
1039708080
1254603212
475855247
788916965
684889656
1040856593
2137698889
1991098866
240799126
169204346
1361100986
1684135382
538607853
112775356
1486320723
1644961751
599581520
1834816431
1002220141
1921422620
649694334
652294631
1017146849
1496355792
532684747
1386549233
98221494
434127087
1761165088
1670601772
1721879797
2102028464
1516563481
753780289
671821209
1567568783
268605772
1706392640
1156020387
1404625398
372886954
777703256
1674519881
2011322503
1413897213
42443315
1886413134
504227593
1046040721
872162028
2031672429
1615942636
131061487
691202734
2096339183
1526912634
57899460
1920548074
1168241500
1138968989
1749761761
66699316
886584142
1031569735
993739100
646163131
127473505
1448037506
1487440851
960363619
1907420742
224087572
397481168
597033089
1279782647
1271100878
1449385800
707916082
1659675141
1081377905
568549694
119813720
645025293
861905982
379351685
313088562
965507401
682737689
1574839714
369257879
525316674
1108403033
860032208
119485903
1490088355
1458801711
463637788
1567038990
1881147177
1782217392
818479537
2074445454
1492034487
1223960192
991924526
411937608
1903997574
1564058909
1759033139
1075051598
1509675898
587688645
256156667
396255688
1353115791
1215361029
247510051
862619017
1516750962
355788256
375874185
1948310605
36980780
1210598040
240793168
1509738641
2104290809
499716379
1817530111
1121833231
345685815
657362189
1985237193
2140898517
1796127610
572175726
747279079
716523265
1950135996
315236328
1928106529
546364443
877946034
1356953272
1898367341
1401828111
1706460985
1864674102
373174958
2045019077
1804685807
1880786690
895013277
2391391
1917727967
1895818701
1198574277
1526521358
1772904532
454590913
538618024
1494904466
1032221646
236969102
841978111
542243660
108456467
201027347
506874911
2001896705
972420188
913828261
1945247863
545751853
1531221680
1450045182
950838326
389460481
1990457167
482825157
213894921
1256359420
2081747780
2015661237
1052210690
238157601
1162553886
502437229
1161190292
1068512730
1824510648
1446787540
683630011
524393321
1157876531
319179815
1270717497
1221756935
1958049285
624226721
197054714
589451419
1811289643
175165382
1055921305
1246215704
1426291834
1407550539
178989307
608133235
2111174675
161444261
862096409
136435520
1232051189
1617267244
1838986460
237488616
1946749869
281830380
2131950625
2030233993
647569704
9076489
1687081948
1676605034
930602409
661276876
887623256
1238590233
1412577237
1043662158
2108757916
410898212
724269292
943352255
1053434602
956773232
1401027346
306925907
2103602785
528038457
1777875659
2025494219
1828642498
90627238
2004897158
668843164
269440335
486735880
1083633488
3648957
495993295
1441885359
1828485545
1133674770
1011618479
1043994729
1487746420
259115376
1319650627
1040998040
778017287
1377147981
228849705
1006591983
946219875
1516181765
48890318
1389781961
2143013245
1525275339
649506058
1428403493
761029307
1782210346
1458658791
739382594
351869818
60295991
1130135679
751074771
1890983116
1722423638
54674435
616402144
219241535
1910069669
833274840
1832621113
1299500760
1097682696
1175478491
1024190103
2053871903
838456018
1792093381
1470602320
1360588372
1620773132
1416128938
555067830
1099460799
1364201318
988364700
61980942
299566373
2015457463
2053368428
221583912
743451478
457639731
1357955472
47569311
1557859812
1272026920
2117114912
312701359
695442158
1511459956
508048123
1578235566
700913690
266658951
701776647
478937385
1282458529
585821969
523129237
2088916892
10105987
243871560
330700002
124402125
1139559388
265177047
2077336249
1829685189
288663887
497056614
1444325174
573021804
556840094
1482812354
1806763430
1290691520
330198620
1216438698
1639933323
168729778
1959025081
2096334645
1663323580
409388701
593817981
1579491043
2018676648
4673123
1898396176
775250238
1426449595
449552166
635773621
1422936876
516210649
422781600
1978238935
1181959892
949384455
1852026144
1911736444
685979947
11073833
2073849634
443285718
130129434
231971814
209200777
1376656376
85917006
1226325415
1330571643
146476710
1698931099
1218094015
1366525145
687385925
525081869
1713220773
2018379866
907390705
1682293645
1561347676
278182467
1843040173
1154475565
2142251251
1300122821
1204888501
478755088
501643048
1583075058
1757990384
391998969
593659688
523662173
946498434
230534510
926496114
410314318
260974205
1921988744
1108558809
466455967
431391159
1657150810
1323001512
1703324727
498536374
1607895036
486851040
1843069728
507668168
1376115251
890026140
1860774470
33686576
1590514622
602345622
1367177934
1695805562
345158976
380734402
1911162128
2121602800
479717317
226245144
1402842163
1478255141
1825133298
1279649135
1977819492
1601818542
2107845582
547363205
2009209010
1187892465
1734387239
786721307
2013835658
2038451989
430740130
865909053
514370762
1130641433
1756992355
1322934175
896772739
734706433
2057351509
1540634915
964381008
714314026
851950614
2103555960
1737335117
2049045183
326991490
535379164
454309046
577463364
1586524635
1429872897
1185091614
1716816720
2097494418
984539662
308769865
1180785751
1188876724
1274684348
2046886822
226562981
313457140
491339425
1724255596
596872039
408684369
1477525898
1151545423
743219428
182576740
1661429504
1347432159
426998473
638761032
1569988845
957837182
273064609
438834213
1369439321
478888444
673907555
1066702683
1577828173
249275601
601554725
430313032
1285112536
1487987702
791408111
421863351
1436592943
1461390176
760444842
96732389
1388691439
418105114
461069112
1551661105
1109083775
1179642621
143217821
2056627295
819880081
1163361295
107607130
864910984
106041543
334411126
369646042
405640354
207824754
993534743
1250550534
222952104
918485365
283085776
1367606003
1906942054
1175151432
176096589
500404667
2130835939
1511307801
153824139
2090862441
1449428074
1932422412
626071015
1292514318
2073776695
1254963363
1289765858
170731248
1700423355
1370353209
2028231540
1167136482
612257164
751432105
1473655561
2031828399
1869411821
571125516
480854300
805484720
917798133
1413442206
2140285807
360816765
903098462
1064103106
240439268
1996138944
156677100
155495452
1379123451
557760805
245945207
495531996
1325453289
849556589
956771223
1166001179
1760419409
886053538
1779790572
141220445
657904034
314035557
1993657863
1602768950
1546723852
1008952675
391854073
441239050
1566252831
97340390
2139400566
297340909
1196205059
1245844360
24594596
1472858793
1133286734
97577474
48139142
1749647069
1558848133
433591586
1742067456
1120851010
799958323
516885723
960087174
1688762121
1969919903
1874257014
1478482021
2027090272
837860652
1983042791
270996142
170973972
1002976850
932567610
1657824443
419881297
869095989
1305441836
901035359
309414020
759353311
443599318
752795054
993815137
319619359
925128836
1550428261
895472128
62628093
2030429604
493485560
