509357247
798211936
1693319382
1666415555
1211050128
1792682694
1470805633
1357006532
513740239
963517140
993592799
1417259395
896035734
1133224805
1207131695
1146229752
806749682
1419524357
1105555469
1361284922
962608391
1960191597
1035259499
417575041
1604355153
811835289
795176096
1313567446
1058393093
797551752
1497803674
1941487961
1583537813
273728912
607045680
556932142
939381843
573872987
494247058
588210694
1683480365
754852993
536659682
1873897541
1584844950
2093132484
321021659
1197648853
464378758
263467490
98354351
2090206343
1966683287
2056991259
143676144
551347489
1071141456
68632639
1654037924
180179464
1413263231
1824775538
671340667
178804875
794759615
213403776
706862620
1280602313
1235973658
153930455
343052955
1917572161
664004039
754817829
637057799
1110799092
798790932
1676349327
1915059233
1373622585
1031261791
1417181578
1463407143
301971485
359549758
1791403354
1011774413
1619608180
1731771838
1163695909
480883277
807956609
2109303753
52477875
129108118
1296501821
231792289
1903067845
2110073760
1172326472
2012661897
98011407
1436978655
1824465769
644899458
2120087506
288712661
2034973379
1192207410
1147947034
1640593346
1264080023
1065015266
1814108049
236374647
824675760
1412574366
105966847
1609301833
294499183
1023477887
897944159
883136800
329315443
1600322821
81921695
1859653295
420000228
885022622
885819635
1542679486
1521277789
895789124
1479679958
397309346
1974394740
1909512258
466013598
396387535
653056743
749619990
107709626
146761092
242241636
608858994
1753574795
289616292
1018450676
1229596253
2066575325
1440626085
776187142
558577271
1834260993
1591136929
225324564
697647449
334077832
1733390218
912058612
1541845274
1146440094
1345661819
440388797
1140397039
703025920
1671439145
1330356820
1739066346
1554696603
1660771192
459675794
131610851
305180611
1201505066
525216019
1634705012
953235212
1163189682
1785315230
570894365
1867484873
187943207
684076588
194317704
1934745631
219443540
1944557463
2001336552
1751036356
546267628
73145056
1045885306
816483674
168937946
1883908381
1567632430
1687445602
1315660215
788402173
96535647
1255977694
1599539029
1366385402
902266556
1242262920
1566589048
478645530
1649530955
1018792360
1480128164
904230241
1237238660
1915724950
1261821458
746504150
566826393
547360972
995957180
1221711152
749848021
231906983
911855255
2129951517
698827042
2013394618
786462689
1084581680
1811362725
244187087
1991962256
2083772005
1426590340
1722051195
368063978
752145233
6918087
1522015325
1617641267
713979115
866132572
372364531
692385408
1977352176
1120152629
349177368
2005469866
707949816
130521228
340883998
1762787934
1497085203
374156358
384172420
1813008466
1603733279
1436140149
790233684
1746483346
1171285930
325422840
1847943964
123042040
2041359742
760457533
424930182
1421133498
1266625741
901267751
574936214
1275745053
429794042
389677066
2040586880
231188808
1406522626
1877030867
1749156388
1691244339
1854859909
661627461
1966933031
2124805054
266022773
142971486
124628911
476787678
409241178
1145412056
1219430075
1847976178
1911321919
1257620683
862795292
2113839668
424105788
296594800
375147283
1646963531
690281633
1603455488
1836476553
1651671548
103293884
1083733690
1016452581
840576257
1718375496
240082436
581624205
465845746
53954418
824705193
1112748285
1607354464
971662984
1069957185
890747005
498890753
1775929921
1790963118
997209218
1337137157
305808547
1199472066
1753128611
1993866631
978231189
1696343550
1793243190
2112022303
1432156673
1544995702
1269654663
591594388
868306341
2042039760
1660759220
1462825391
772196215
540063851
717809448
1055370026
441531571
350765980
1903369394
1781787847
2122622594
1091919891
1586521409
1521536382
1392537160
1648682588
1182045758
897668814
1964438666
1982563457
1748909190
1010962485
306601083
938107853
2077588483
1835700155
2084455970
377039020
961220326
377897384
1653522729
1887227567
1792392835
749517141
873947715
126419627
1241010120
1419050272
1150420283
868334849
482311515
547643257
1216570774
2066546168
958871888
1603311385
471095269
1642114629
338694276
1656088659
1383665065
1203160493
463546777
1530745219
3698146
1836186049
847313293
1438370978
24914998
543119048
1620469753
741529596
1597171899
1822770363
375766244
124491768
215499361
297179754
1152930370
900269078
835413503
166232252
2121507596
1120055544
1658536952
1746143251
888402429
469821847
1001928329
1083732430
2078826982
833350038
921535155
203509736
1030879662
2085300915
176274879
2053356734
396668394
556717914
1845739891
1807224045
824257045
1881969748
221935823
774471001
1961866092
882504604
2072539012
862682955
430972777
1621230162
1006153202
289170610
2067298265
288916425
125373404
1865895562
930842268
423922619
1453245355
1075011418
564798201
1296386460
823439451
518804439
1687534235
1087305483
1193230342
2073084838
487075884
837483365
1880671499
1695837247
229427597
1388672628
738815963
875104237
1776781231
692290629
2032720736
891704050
657711633
1900063767
2093725194
475136199
2063171542
2120682607
547271031
1208124288
215296130
1694299721
431522493
1606657870
884852305
1723582825
27221335
600974367
349238324
1693385679
1853551275
1697867616
1435513193
550999624
770875444
780204002
1351578805
1170124833
373823057
743634394
1923578177
1315197943
1572430249
