812890147
1242226648
1751973850
1488258871
1139982738
1514506014
605285169
1995665564
437649831
1208669864
1714273387
858691635
1236755174
1729011120
1595512697
810848294
486979524
1108846959
2030969606
2040889316
69195145
90719063
829907757
1513991662
299121487
2122193130
821185868
2073697342
1012983594
2119337782
1156876016
1252671828
326179682
1788470253
56877552
895485918
1926821339
93322789
264783765
676847362
838785942
743026856
1685841142
2009417036
1360583248
1021771769
1265142371
1156372527
1465074248
1442766308
245256184
1488687674
29874718
1054166208
1082044753
2098954712
385953495
1845378117
108556892
740352707
1539023357
899357188
998489929
313467911
869136355
386314119
1171462558
711197871
1069369350
1528989701
212124776
621777166
412897680
1513273282
1491698060
90335915
513037814
1776844545
1219531324
292054218
1526053824
1468654247
521538693
2054954899
1460722537
111932526
401586180
474016738
427522140
2086085826
1220920249
1937433002
2045610014
2118686779
988268276
1391571718
682101131
1274616504
432250731
2122933726
58904121
1522657812
204136045
335855154
74070009
1233203848
1745655601
1343734534
1097075836
1310963357
695500872
573401066
1698865425
639024332
1149073970
539624741
1679802508
1098710196
359968012
237299837
598527299
28501494
868978534
120449190
729530674
2044345009
248137779
542672197
1153224254
1231722389
1532558810
85245343
765886615
1019487142
130925673
1006004195
519726390
270221711
110492905
403600144
1878414982
694664352
502077388
2038832516
2124591391
602901350
1858063491
920832547
1643106989
455926246
645527596
1876540960
211379439
483454325
938374505
629518699
1231820507
1579168823
1642815308
1321515959
2071102943
763048498
595743086
1898170407
1356347715
1161129486
632510239
262494612
572371370
579264363
153246647
1803815293
782675640
1309090015
1340739083
342739852
870051021
811566987
1016875260
1010540481
1194048750
1834539608
523186985
377093437
826865861
2059076307
538404804
282124205
943584447
1665184163
339909250
1126105425
2120299091
499552419
1059801260
462056360
1880339555
226311328
1375021395
1417750714
1032648635
1927209136
1888169632
1799847682
1190572470
438103341
53676617
1507705333
668636927
1346896973
555173664
895377715
226921589
1010554463
638069189
991264841
380617768
486164388
340044412
1830682913
526608512
406641096
899676697
1340377863
1398511486
1060696828
317531160
2066724952
1278840857
75709617
207716297
601175241
85070794
776467442
850903720
297154129
1330060836
2001839454
2053678539
882530996
1039807642
1161129665
359346292
2024182701
395620453
169050191
1941821894
555641784
873956477
1582053244
949670805
1081642361
1362764228
1576390011
1691152470
1546917836
586693442
1013199696
725595702
267053162
1915243659
1700025748
716984646
108373812
657515581
1491444165
1072576211
1010367520
51434662
555763527
1617259476
394262973
483298434
1391742460
393838716
163472996
1998911969
1090862203
667906800
2002136573
638089511
1977067503
687196947
1436935787
595882542
1219602319
1395483004
358281365
2140824966
441763253
959079305
2145411090
1230326748
1682417822
1333806733
1793880944
743459192
139414717
77888548
927008545
731764704
1906002620
1981733288
743443715
1231857562
1940275984
884720828
1211871883
1410964495
1937975607
1904432901
859471757
162685835
954321041
284805881
1096964010
2019708257
673217752
752919503
1793189974
1694179372
468105278
997532310
660516228
1659228720
1386451233
1428142690
908482289
2120426974
2089103726
668030369
214235146
1497517174
1957798287
1158045323
1828588667
456380615
978782482
1639226552
817691477
868297746
858857176
1298667979
653419227
1087735565
1526932213
547643212
1243485930
936003843
1977703467
627212180
354049026
808597272
1939518206
341408737
1530628341
1229456810
2026022004
1841674633
782227754
2031181268
1466263147
1170036812
1430116750
756381964
32749462
367680450
1736210969
1209439468
605123862
1575008755
1887858168
1622122766
1045016497
391479557
297477213
1579919632
1826396849
492660240
1916421087
2038602934
1787252315
1756114702
1714107022
1346320431
65730570
1270057454
498128023
273411696
1723380201
932643527
34753424
1113642941
849402954
1733552938
1260658786
1932183110
483947173
1817650320
1812586960
1231274734
393508399
1680334834
194961832
857166886
1132668950
820872312
1792367236
2052133112
1498180951
1334316873
1690691645
530194976
2032031293
819289729
631102702
1863480149
1847616375
1035139392
96050336
1706849957
2071446228
91424479
631294359
736001022
1412455837
1978943294
1626123064
1296744137
1535259279
1182268985
1711135125
1494182832
1388844403
1741546553
1433196439
2040660096
2088013404
2090683878
653387207
825067562
555954813
211016954
79361977
560026852
1898999972
1077226545
913004053
1393949293
799501143
1980500061
418322243
1652058733
1651841673
473229462
1350908082
1548170490
1095339769
1807906702
428196550
774639415
335794472
1635262466
521535836
1199301143
143816181
501460556
2077457146
1120518975
1585095382
1830697237
941551768
131947018
358144949
495821609
1589334021
1189302950
122328165
206947
1200169720
959881563
233119679
2007533511
1474667700
1544255468
1204696669
611613870
1362970710
28372758
1876160242
7887132
1666455998
1697416757
270901829
1113830189
759366424
1774369542
1789711560
322451374
1691328774
1186077575
572317657
1769395145
137686892
2065323003
1338094740
1110476760
1028503767
350149385
67220050
58217818
1324765834
1735196164
277621443
819517955
1024053031
1992765254
49139108
281496045
2100785655
1278449845
1448990236
313957101
900713686
2055869543
128611257
1133040384
1257607870
1618857314
1675135234
248089573
513067246
830532220
1626503608
1165745604
767795382
1982121313
709059246
276235019
530244578
692015027
1501017410
795879258
256409025
935749708
1248972919
1543828372
1845316305
945554079
2008076720
948013334
2063595784
1897013820
445740811
232111620
820077249
471583858
554995032
1717079231
1508601409
1997550094
1070859189
11913331
573184998
238515010
168255175
248596684
461311211
1915518881
1955194263
1890311880
1386900698
1209381959
1600160263
1183417511
1740162959
1542322710
820178671
215833344
1601435108
1525827099
1846242776
1727472878
653126398
1986231822
506060371
204936551
10406963
1519051512
954904823
700964780
1350327703
1534018543
32493558
1034689756
679963938
302734077
1824601947
1852520612
170690175
2117719583
675059427
1979397905
1830803827
1494330985
1971779445
432522630
783342824
422940487
1098448446
705439945
730912918
549662686
539887469
524073527
1380982605
121348240
711455368
1981138456
1091068897
1997254303
796727913
623951117
1365717682
1852547049
706974425
1188940454
1379023318
138389713
440690120
1586430736
1561307622
1872141886
1538468390
1401125356
1836554594
360351165
1288826464
498316346
1456993473
1025426882
913248378
325453684
1522738458
1748097036
1059732933
1416140727
488257384
273973286
2047308862
1557645084
640020093
26650633
2099937155
666044454
773769606
1819944159
681773938
1584342355
1633331511
511559138
1566115424
1968451541
1087856019
2058825571
858434803
770074459
985925209
648553447
382286237
603753736
513789966
174325100
158781877
882586501
1596143524
1080309961
773319220
1448328754
705797828
1698108723
1639185928
1390338423
635673277
128018907
1294274584
471176761
328665096
788329397
1072894677
677941865
1182305399
1370389844
147844985
61175990
1158337018
1956864753
276465376
156897634
1206543374
1962677387
1536861695
2040069682
173128131
1585535016
84772869
1147698047
38770280
1046228537
867835916
853205098
1836747476
769939995
1459487868
2144972845
1687093588
324513978
1589081597
1898393228
563207724
1175220048
360619030
405244266
1063804620
995294283
1550299495
1220659575
804684177
2095027277
1095334271
339336199
425713716
1733985613
916388443
694691838
1755023059
1337833947
609293180
1883783144
97120666
1385199232
1654926500
1268736805
1447361294
1560169283
365942316
831823937
601105654
995384136
1829360901
1184860770
745293286
717241492
816559177
1783600090
1225278825
2136855020
1076991613
2050834397
1293496522
1339400410
1807917158
236420428
1835438719
1394820561
962525060
592616623
563910195
62113896
22343215
883127106
903095150
1594208706
2011076429
1615355174
297384164
1852892943
610442158
692777144
1949987415
47868459
1567017732
511726847
1768637225
1241006692
678462082
1799048511
592777090
445378393
376873743
1619143594
1980821017
29222909
2043310375
189529398
1187675299
1554696123
890787919
132866186
275960022
2119887796
301411379
562207250
785199129
1307009572
1879843165
1296275250
698832842
781921762
1974687636
1702343318
1763819563
1250820102
1946185679
1391864744
1166599146
665168293
1063798740
1240294171
671561291
1362995127
1679594866
1204948644
369627636
1644710682
1119075159
1426634185
438209109
137567919
717410703
1485892050
659007921
697322914
1932884890
1270794971
353256910
1755376584
319735336
1057393675
1024406837
1240998433
1786242675
673630431
255807270
296575356
1328895289
280599968
650199068
1519639866
778592085
931239155
867163384
2127540266
260761081
96902287
1738686157
1195715988
863283338
635982601
1568248135
996474961
563417624
1275994315
501030328
1428150807
50472057
716353059
2135407809
796300499
908901121
433023095
324171929
1699203119
1888747231
2043013271
1704643069
1204417843
1767212823
368061483
1474263476
548506119
1570061847
320713803
1633013950
91496407
1980745465
1397930797
761880857
59667663
895204436
50320121
984830255
1867039814
604619455
129720249
1788523487
1867333367
144247011
577470060
1398675238
1906214249
1958047548
1441139514
1239356266
2117609073
17707372
1752537281
420169059
1862353870
1625787196
1972193933
1590344870
1272553202
1274508080
1650631847
1485998287
512454624
398795973
994280004
616214347
1097893936
323277897
1903134110
606172096
1388274736
593790551
2099213025
1176141081
903670821
726967534
2052720699
1439105329
1708771247
522619950
274531606
1549582619
1418609994
1015343278
1138373218
1110720524
1320548336
1198350716
523460107
2102607590
1193037020
1703978930
1448958858
1848583777
1266514794
435529137
1564556183
1932765656
156455195
491661309
1215565052
198479022
494631860
28768693
739285125
2033587291
530387845
2013466285
8628756
728125718
59590599
550565162
273848529
1197082401
466562847
1713596729
359456894
1711448748
1992875583
917078956
1804910056
478101607
1955071660
133209778
486006905
1463907495
655523738
1610721810
1162896107
1319050036
795032307
1259161860
1610046743
2102729133
1400522870
40219564
156598508
898866840
1047439612
884667955
422794363
233506570
1549456342
469616516
11647790
91829487
896069715
2098647456
357343257
2024390647
1397876062
1818486175
1834267496
1649937181
594706755
1967797572
1055542520
784918741
1464605586
2059684923
399681027
526522322
1778004764
474227441
1537326067
1507885681
956082715
1630356752
1237732951
951241413
1506697838
1127261590
2066385395
1923894592
909777921
2090031761
510857969
656237562
861640523
881007225
1536114742
589321377
282664433
749663530
1181252048
842461950
1598141320
1980260988
1244384395
231449120
1606307960
779640961
1376248995
1567161895
1351133435
2014706522
1382728083
1998985390
922755653
1336359094
1374524684
2038026710
31307710
1368064232
1481793281
1678145516
638693994
1094336420
459143391
1150777270
1667380330
167253590
236085722
186484575
286243484
715954720
1106787939
1469208060
1454691933
1759721326
149134518
1978886586
342393198
1327330614
1594830991
1737782950
50236916
1253863889
313153532
1619269657
1882707097
424612721
170482510
541226686
1525408465
431523391
854358569
1295516994
1792019255
990003730
1967749051
181607830
580639253
979792333
1254914057
1570105571
805900290
936588885
1925193829
457874444
464348326
24436525
81399036
1319809753
1829663642
861721265
1097321868
363230149
968119658
566001644
1118419762
2059708005
1183155900
772232214
1464605025
157746802
1635704714
1866747309
524555247
2025758070
1225030794
59205422
31280201
579063056
968137904
1435808624
245221319
1538814947
435393737
2041750942
368128282
58144545
2071468872
1968086735
392789730
884578991
2031177246
2112781124
284307804
1152332278
2111042754
110852413
498366777
1247466310
284336208
1394504568
2008922506
307189734
1725721550
1537935687
836695766
20189884
653803145
1771499084
1859315022
835831701
26120862
806632404
1486972952
711691538
1901191572
1715027406
2056418247
2108924720
798357799
1468912999
1173317100
1549985906
868784672
2105420611
225510342
502937517
1245832031
1477708633
229208596
471832688
1109994235
986965099
85760011
1895681037
101910400
154141985
1512996708
1957388617
692546391
341070017
1991664525
948377756
275436611
1941325197
1241399807
608830244
95662343
1182322362
761388463
871130669
654655270
1659960328
717047710
1174474069
2036024002
1662015746
92937867
1484477791
1426463398
1640709588
1628166089
1351539095
1064096351
1113396164
1516143403
1444695516
1367536773
1009919823
1774230555
1787670351
268042007
484327905
170367434
113022359
798129156
243328304
37228673
1847594702
1525604294
2146148917
691361302
1269567499
671772713
1919722952
713669499
86189197
1545114922
250033367
1380420977
884712832
1093998074
1921348162
1569992282
159671407
672392226
376072278
510769963
428429895
2028418752
453046245
133221760
1274498308
337434607
1584639742
765136073
235331066
1501537861
1076103502
2013290658
233329346
1087925365
1681488915
1272690241
1340619455
175722773
1749057465
912354056
1512698700
441532539
870820115
655920699
1934003332
2035864256
819684407
1866550219
2054746285
1300254694
2116829942
861794897
828692545
668898326
70351094
1377379862
244626587
98219522
1025032047
1268446031
1294162747
8810857
99515006
243765606
1145625526
998078392
1199348265
1333643635
89033277
1249765582
1133269232
1511526857
1583671495
1957713368
293493260
1985122477
93763806
1918488667
1852778823
870930466
457121796
462989137
215481975
1239764192
865953983
1559532650
863205016
1749240419
570395208
1796553587
582734981
998782495
371540172
1576926676
625138515
659411920
1754275933
2078032948
486978634
142560496
1762765944
870678583
610597505
1463385410
45030963
622086247
67413525
707933836
964895491
384307248
966865157
592104801
2101378599
834739717
2041376685
1504010524
570234549
2032828833
1961244382
643395817
1335598143
1585310824
1926924694
1021014013
1864535074
166292972
344762465
1886661350
120717675
689780363
1520827467
668987388
439769445
1709679157
2120841088
209358071
546068163
904392011
732276099
1918653338
522980710
459543971
1841644807
329086861
54165708
1817479592
1585014125
1035482953
1085701910
1207986078
653107675
1238852141
1291051701
1865363204
883340277
652602797
1298203824
455140882
45430843
797797290
46451092
978048354
1651121663
1109152732
1835029240
1869552555
970448129
1772761707
1573257131
2046524328
1774398121
1709108638
1768424573
2051532311
30902496
1520661674
997951399
513630685
480225419
903170476
930203863
1073615942
1250376100
1140553906
1083670492
1086671723
866870007
219327988
1795374059
268078252
1025031031
1223638304
2004757900
546294109
854146875
1519324115
1797219620
1138948990
52582936
807563555
579350559
1692241057
1960493531
967982169
145809081
1494223088
1437694499
1262105788
480238698
1028571207
681245657
200443016
1020896492
1002182525
1646205518
2021105918
2037825514
737635264
1458692079
396845461
1999998279
1064536606
872103079
1132664910
556813319
31841568
503644113
860986661
2025612766
1215271569
151271384
1069112995
1644079443
62135132
1122677102
1270458769
1083227281
363104147
1035923557
1332443591
1691267786
964518028
2080676909
509953570
212356680
1802289958
1592064491
681728403
415242514
531668009
1856417330
1359309652
1624972855
316213451
1568514144
152520758
63352250
1146682703
1177516440
563969815
1803957530
969896905
1763105111
808591983
1970394748
1452639484
173472181
1111806217
2005862519
1010953572
221453627
1593726926
1534535804
1276682319
1847115867
243490492
1748273632
1055206181
1554065552
1260892918
1849502600
44616393
943622931
661315574
2075844144
1206990104
923968822
590342622
373507416
700135567
573587553
648878827
1184808139
714372105
182893480
1999500810
1239665869
1247905957
424563973
1081477
27096800
635586502
1589480503
310916310
898450739
1910734644
851155254
1405358236
1635690152
136717663
1812566097
272256939
1194312064
1434306500
1494969830
1664321086
1076659878
2074361193
628351934
878177352
809201556
1004453762
1198088707
219991015
1665659110
1508944438
696808926
1520248058
539839353
320489339
1135556529
751286217
621086271
2133206557
1539252974
318621923
1548155555
1475190494
1073631634
1935740933
817724819
375736760
731297090
1380213814
1873727278
1431061822
263292928
1369036528
1699060492
1025856033
1930874506
1844580472
2043999012
1229907149
983328335
1254874959
1135660894
587165491
1269676302
1873808577
530234294
649938082
661442574
302295194
433258249
2008914383
1107239156
633609720
1448682624
2022458099
1512312388
477594428
1416327574
160821779
1859695991
857257754
646148807
1590220635
1529627828
1677196496
361130199
1771808164
757183022
1116334452
507707580
847846677
120540955
1732088933
1346527273
1150180837
1782206541
1716002020
2064199863
412902718
125044334
215070395
1137046450
1515271741
1742741468
356618267
330598526
684937494
103214623
1755906692
1003712421
510802517
877414659
631480541
1132852350
1373172799
1502824791
59298979
2114389882
273378391
518042944
346348606
12792590
1203109628
1559337018
645536879
1064088888
1097225007
89727149
1625872102
1753442225
355922035
2098232616
1403680753
1723515054
1290473677
2132087612
904842574
1539495506
1452167403
582814199
20748321
1008594611
855900257
699384316
605817857
1350223495
900461582
477066556
1504242988
2015647851
524213405
733665363
571678683
874155727
1994539816
1952528257
946838193
1744038530
420769270
1745955139
422104653
727631830
1049792357
1070698637
1358738430
362384496
2044707043
1440106663
1206375830
505653166
918121494
1742566561
1757397079
266203061
1135469596
2128088180
1387558154
1416594709
1565790444
871358903
1284998959
229443355
409939675
1202124283
1807793487
1955758772
179815483
2037357763
752034925
1035806201
422776606
1515881251
279095451
1893229148
689196344
1139758836
1378444456
465749868
1631018978
1452697520
1962736375
1709801544
612003387
214252273
690448747
555613598
548685673
1191554689
1321986686
295171679
1289709309
814670365
1891079537
395217153
258841973
1310769867
1510379422
1685448560
968261339
1019654613
1803665641
958109586
120773002
28533089
241573205
1060237941
953784080
1865392302
1258665394
553397272
311855407
104296941
725868916
794217939
1889125630
1417438137
644936608
1575824739
474369581
683264053
1788808415
1974143638
519107686
1530332097
777043125
922885519
797729998
2006830425
1568359371
1259208631
1173197226
1804458634
1902209384
1755150657
1654895135
808784144
686355966
927915351
529611794
608892945
1843135713
1205714662
262625838
1086309104
338198291
1612376067
1635483651
1088090064
1438855482
1466703352
1896275531
470487973
360255154
2092948463
718903625
1676152312
1540379583
1765396026
176669515
763526711
1279547611
371161149
1832140110
229569718
297929006
1834553081
2147336128
1646852422
477629980
1758540341
987000160
1691459952
1475142136
113167947
386036289
1955532879
1744706518
571412620
597184750
739105287
420439677
1801058385
555065256
2004542693
811906171
1185590943
724637643
1188823573
210395987
1972203126
1873738063
2090276858
1005002706
1575446454
1776477289
177952814
2084470144
565814959
1005218641
706583318
774394673
2025237059
318750239
1234213664
309333691
2065887930
395834063
471034268
1578127810
1618178850
1786153827
144447284
2134002094
941715297
228064296
189409802
257774782
517599449
619648016
673979244
1408935478
1982307254
193808702
1711060790
395951028
731401943
1141640097
1955649221
1193121185
718051414
118316983
1266389395
1531430082
1517660342
982262643
292986228
672497390
2007436968
211320634
905853036
2033454298
665593210
35857671
132879914
680854288
459653149
113385390
189688613
1728043007
917715665
1325667389
1710608210
1032161579
993181039
269678462
1319260799
856957317
1113004114
859134361
1516158031
1043534549
873350627
172853718
1134203347
357463123
1536834240
1307047041
116988609
252074070
208555657
31341798
2079932499
1893239588
662579014
288011644
1732657086
273558759
2064626040
341833758
122079821
1723578561
1383091899
980582516
553635098
951659254
1216742676
624839280
1295628905
434182216
716708061
1351653108
1605029537
910207072
364321610
597563537
22440680
1246725480
1105401751
1406134891
2079932250
660992694
1242507472
14013240
400269029
1989696674
399270460
1259501159
593426115
2042811256
416978023
920532317
833684373
1065616265
679221451
2062000858
2078211609
974019676
768765466
1648659066
380410248
1529821442
1086066475
1505013336
1538674063
618068871
629706366
2068282573
186910183
2045390212
1004445806
1042817110
472445331
240310226
2130730482
635923348
392088502
407528281
1070901775
1397834604
1381406734
1120367878
811680734
1624459599
891186449
1459640027
860860213
265594772
1352369570
1344905248
2035269109
255525376
1225880688
304213687
72164336
1138142312
1050866412
1018602381
1914314612
1907386733
1403413988
381334572
1678237817
1263866727
1441780161
90686318
797309027
509587805
1582536793
2123551565
1609350259
281582127
1681980018
1514209749
531309776
1762158551
1476982484
1732109114
902779438
1309121732
483770634
1838951174
82412569
1866464614
1428203957
1789032043
1815865824
1602404296
2100818572
1320233398
681990176
631690070
2093197299
1951101668
375622892
135570112
433076791
784114511
136203414
1322832375
1465331812
1207186049
1035944221
834509397
170520259
457563178
1513694771
889358041
791161588
1256221484
841444329
163869327
1684752291
656729042
1575754233
1394854670
1177121258
1655758625
2075942319
1289042203
1126627907
789186887
1700252790
1395192172
1228538664
25548080
1486685435
836177798
810303306
1567070008
175044864
1646492871
587733354
1080056058
319343039
542246272
60440534
1287575623
1720893688
1544248890
507915651
903037747
321491097
1096678170
1251732164
644965193
120693514
881965919
679927717
137693662
1516430866
3377927
735130086
1599582083
773200489
1252932754
2092222615
262363284
346247642
966261982
1716170573
981332205
884074004
11526961
96154366
894005437
517263887
662519637
312259198
92814450
642971670
45770718
1737800855
444223956
1210678900
139389575
565097918
291435566
1439632575
431562939
1318379384
1934600614
782324668
394611247
1099709257
1021606830
1473440237
1089499052
1784767316
1704889491
1707484862
657944554
1341919892
2123707443
1671579208
1886828696
1404090037
640873932
423280575
142953849
1447232912
890421487
682973311
788389800
159526978
2070089618
324672942
1926420220
823586280
633049925
675352205
24530822
874854392
1026245501
2059657569
1072508215
57094719
1938800396
374795512
926189471
1912887411
1612976818
944955610
491966416
1648339828
2143557325
787060238
1566716513
466171940
297973291
1234887301
1089984398
1269494239
277123072
1201862951
1420018557
722369177
1769309939
1252687993
1107245211
1914245779
1233579859
941173224
402365989
1081379258
860696167
1013855157
1812073667
829402268
1965997282
1989074812
1007928142
730744583
1577295477
2075232098
1033758131
579368512
1411612799
826330
171378671
1354409181
525455840
2136699924
1092822842
897788480
609895915
1329560324
1516426048
1453336496
1856328825
1260577546
274491786
49274133
1337157914
1177201219
1945789692
647974736
124162919
244865388
445113207
527874613
896379507
56133486
1153737630
19982374
958461280
654429066
767286454
759310669
1221561101
601384993
704475815
818234485
1694350061
757438497
1393502239
705715077
1250423027
1878395144
1466142934
1129930139
623027881
1589750678
1056876012
275857601
828838752
1631036691
474742382
613866831
1000697218
235653946
1839779319
1314251997
1781575427
1422898369
1591995251
2012483298
199552758
1345849478
2090353151
1387672814
1835565628
374297943
568995308
736671872
171521367
1721916510
1911973859
129117317
1159336284
990271527
1229537314
1827462254
990592519
1423469136
1662979044
1983081196
2075964137
119405004
370853599
1620468299
193300924
1080060883
1387137767
196358248
276095959
1243300202
2059247536
1724557392
53376188
364528522
675284145
175162231
1947460559
1226180592
1942452003
144243858
115169058
12040321
1379866152
266878481
1029085547
1771153239
45803273
972226108
580611351
216586604
1949604760
1429324521
839171703
1619284449
998972596
622323415
287409945
1031374828
2050554603
1481317035
1974555698
767168861
236324666
1546107780
2093187639
444410827
70940143
2099624253
637362058
610299487
282987951
116614718
1052411985
340102716
1509164180
1758931711
1734208867
774356874
309087598
1891546907
786372700
872537374
2056075051
1626466829
1686527696
1460084935
451174481
994659721
1728304796
1535301176
1627136167
1420532601
95944024
72356493
1332914932
1913874834
843195624
1419844220
1080183007
1695921299
743954226
39764249
1432236789
1114875162
967410410
593668421
1237165770
1162709027
172745608
1356067764
1655110966
984782109
1558361691
1956414362
2120655552
589872043
1002466999
1172677618
507114521
604066548
108510026
493713259
687087807
1954751655
488033933
1173568751
1239635394
1354755470
814840918
1854870224
1346278052
83037646
1843289738
1697284754
1816701529
304661177
941380335
555335503
1448809069
1934156880
752403487
1437212875
1364410949
1981136984
157568920
1492714773
2005369981
1977568535
942308081
86958806
999570545
1865715115
576342567
602732089
52478423
945857032
536389910
1106809463
155915402
530488460
1540536835
2056634877
1927006818
1967576897
1087716182
657686333
1540864318
661267118
1680823909
463892494
1922760483
284870746
645548395
1842589121
8465022
375978718
1392803479
536593345
2102944901
1947725222
1718993473
258911974
1838784444
1911189060
1047226935
1626621782
1774054548
771324272
361127990
1832984344
522794541
620029344
1070735732
956727095
455395644
139844928
831186266
1714212239
2053646088
722240143
1597652304
1228031287
164939407
676181782
1426366384
1931250570
527533509
1396416709
1761046492
1149914068
2004659452
552806059
1213085035
31105942
884442719
447889233
1126093950
1303562614
1794943896
1995344564
130529585
1527183559
1071795090
1408324062
1828194349
819088304
2025572952
75867680
492373595
1752813051
199376156
420936174
1809910195
923906684
1793156180
1894395223
919299378
771765532
1813964287
1702930463
104194538
2003325825
250325510
89439098
832272179
922691164
1623939773
613950823
1307382783
1662076238
1144793992
370225063
1745120076
539639671
948512666
155223130
565826994
1520882333
1632856793
1967223348
1646623260
1025190646
1201850078
452459104
1956974483
1535186323
596932120
2025562609
692234806
641118057
759602960
325296385
1496196422
1268038396
529107399
67676520
1514265694
1005348521
1665894715
1754930971
2116322751
347008401
230865672
1126710302
933568457
1627266334
2099765036
908212775
9110407
512452915
1518840291
1381972945
1650675297
1444665588
115610033
540692345
787870964
1239529007
213203838
1928693177
203419903
1036093797
1693566683
1251849599
401939572
1428589689
1782602851
610805705
1684237231
1608736244
1777369148
228394239
2117753026
241065715
922143421
87358956
898920942
1234552238
260622634
972966490
307109167
1677594277
70707354
1040496458
496222959
1568544360
1537666297
1975131853
448967130
1232520707
1182242346
1838695298
150678993
1450761221
2071868740
155888045
16202744
2057960492
1201214462
327067632
388029930
511889327
31305765
1457621416
161189388
1948426280
320335177
1396194534
1344270079
814839579
2122284664
712615432
1430634543
1955621927
593160738
420238068
491211144
78146504
1343990300
458876912
512397385
245522630
1702169024
762724385
1064290032
1108888125
589792305
1430117278
136940117
956131402
450135228
464442673
232431059
611600719
55216985
1358510506
788396193
1689002468
913823570
2071411423
458823230
611023194
1035065851
1242257475
411409419
1896142061
224514975
770324257
1990100466
240298885
243997819
406291574
2146315332
1453493289
270908387
1891162729
364745889
1020002561
873467779
30884712
1891278864
430856454
1166304449
1389860064
468830255
781787720
95127101
490437528
254885252
2119548635
1681088378
289452971
200694001
591732319
367065238
1829864992
1675850310
418072107
872885301
839992872
541806065
1391653398
834640252
224471027
2025878480
634271713
1289319481
1474652975
1844044071
842905412
1086977312
72905502
323200941
467042451
1537494065
1056507474
621358017
62356493
475731765
465211400
1483723706
648133570
1282113126
556915999
917772892
1026802206
1840396590
224816819
745018982
616458005
296541448
1574444122
1561438536
2141890029
2112747651
1191862267
681027313
1750220195
1076927589
895632710
2137024711
220311035
593499372
381261523
276389296
1333312295
1479718192
827949787
700860749
1218920979
465745572
867733901
1043334215
1412876107
1526615739
1811638030
1412804545
1628293770
720911527
1282763536
356543981
1921026272
909390140
1524502542
2059981242
1337161599
1109299955
205591585
584996779
896426274
471154699
58439042
353655235
1363390489
1121915083
1761506461
811405469
1667108598
306838498
405446094
1225937816
1862216142
654565102
2057073850
762636847
459078188
1455426843
1738963788
1231446118
330803096
1820059108
600829515
2100195424
1155049151
878106101
1223700885
635187982
5005631
571884593
1830979067
1499752962
1966231569
2134117583
1089012408
1881232481
1075057300
1365134495
554396814
770547959
1702014002
851009131
112075903
1977298789
2118234801
1176571000
2036795429
2107601525
1023072024
288626732
1197063598
1952081294
1374737211
1548048841
71468408
410658627
1420781030
796908119
426658629
290220805
1059497890
146762145
1334858011
594547705
683319846
83186261
1943104955
250374884
1203024990
1116270159
1761245371
794329411
1973611792
1780350191
869998146
559182712
2005542449
1151778214
1353184352
1572822046
2014464707
1724248208
1235110920
2108680829
1554043241
1516568380
594139051
1466084889
1967920521
1243918215
19915121
858802533
1397938460
51569317
2053466902
558816661
351131925
1173750337
324088159
415572369
2089156203
984014269
1274031416
715830789
725112261
662428050
797101164
431515797
330930113
416576219
2062728192
1046755374
1572711393
1333934317
220511788
1852836984
799289363
1077706526
935831031
1494168167
183611100
882780327
1089024622
1437978609
1085132320
1132531876
1596662656
1013358810
263807120
151040056
394166905
772173483
1563681712
908444877
561035289
1996608961
1823904900
257349753
234203729
1569261953
472114390
323333756
1842592665
2012113321
1739373351
1078965734
738862577
1248844482
1662617392
2085078101
1666698098
721417137
335271187
478247644
68171407
1017328237
634235171
232445696
1649288174
63343052
802065997
1686540764
1877905373
1555544694
558031137
698486628
1194647922
1245513978
2050523521
1934344134
1244163396
592511743
498906340
387642604
1497704895
1835017618
287417159
480792094
1570574120
1865504415
925792434
1181088709
212155694
352273275
75224419
1014578506
373399593
525850270
342808217
1270520605
1641246706
624432750
517972478
278429394
549093982
2041438006
1377631665
1517284197
1769933655
1663961653
1783439088
170473374
509150361
1441051603
918845791
446876816
1168381702
1806594799
846067959
2027031099
1587707815
2000974675
174895246
748852305
1717504576
831685961
878028542
1285450006
791010191
927814727
610340085
158155872
982344992
1120933573
1314702681
694153406
1174699216
506210608
1855900246
799295669
435171804
541730294
1498716421
680053286
322148773
1159933122
1056271802
813874635
1344630274
93465282
1592769258
1821906144
1612379970
1646794275
2055660727
947797726
1701665725
317402782
534571802
324098402
349572885
588805420
16010412
458964013
198228750
1694477525
1320225809
571999044
1039965191
168122022
1495556609
1000200504
1960635157
1121663681
190662132
971498368
91721659
1261908110
170956650
1499484930
1170928455
735639568
93213140
914602673
1015508939
1084954194
1873138978
1823993423
1703310519
878167808
988933354
1452460884
1421941520
1575630097
820371506
737242599
2041152335
1227181218
150959066
679900169
962983640
708614111
1343646121
1041109201
354576149
514898202
1082172914
977326545
1646036015
643314686
95077858
1577719960
1557677417
1110857692
330797161
1872063057
867065113
634207524
1379224515
1536546697
1011069507
2016733169
379494818
1843191310
1393596883
194036155
1489853434
1913276146
764422519
1285405744
459269224
955556527
1922801175
69635868
821497920
1585587556
377188338
1984996228
2076205874
1881392446
1492602454
1191927251
1872335511
1914739954
1288166651
1888786732
1524413278
259896422
1826663677
471877086
724638862
363753839
2058783605
1918778613
422815863
880546485
1888346035
1492679405
940154489
1339471539
1436447513
877990786
396111728
581472475
1259707543
1158303907
1173294779
1600917207
1716873662
1135120004
2086883815
659541993
1172242307
1390708435
1767923965
1597993075
79694995
1894112514
2020565349
22432659
2143209293
1604902339
1861363062
825324774
494768481
1059029906
149244571
476597358
117897987
825029228
539873315
440872590
1648656331
282573981
1684869284
1021174322
258864940
910320311
1574610957
162236171
589648526
759079070
701657159
734782968
273801995
466041281
608001672
2024154496
1082654915
427103843
6204212
148571260
1132301789
473932823
846941807
699456722
1801023258
648383306
686324548
563990619
2083763223
114945018
653157227
1223991782
1115539743
2128835461
20393402
205446230
568700074
1440595356
1859561771
278333926
1245495927
1742901846
838198918
1166007693
1100643905
1269281633
1752597163
392253565
1006420001
1672940115
705956734
941807045
615210111
1886530078
189172079
1483335190
1111615926
1290745250
688904100
1576420770
723160388
1917607261
1385043142
1317635616
1585849002
74991166
1816663653
417162988
1265219046
1405143959
55404809
780457292
1948183435
1155444272
437389014
1951231694
292851834
80470647
923176666
1593018317
1158032191
798707669
1072719607
903403538
1098189066
1961095965
1502728808
1158549398
318431304
775845406
669558513
2105652582
1677050589
1676897880
13298343
1504367263
286177792
1248433355
1804813401
883690393
1930954164
860252394
830720154
970189088
1599445471
749260975
35933548
749286365
691147528
915171272
1170869899
176055252
1812724914
56446959
289999955
334841351
208331599
137327703
1026305870
252451383
1260997603
671699522
123198046
1398770378
1117276983
727808176
1212888452
1046544584
1592989365
1919881521
2012158794
1920398847
2084866279
1365304284
1571173075
1920272199
163984263
1175677016
1522557053
1421060320
1566587202
1721079319
372004656
40599287
317376782
131417507
652522566
1995865160
902149412
524752144
1958916119
794364125
1843937180
1315627409
1404505375
1326945012
458413733
315426855
344625102
1208028158
762190429
1236647796
181528813
224195524
184428115
255524014
106273960
1207153572
411482262
167671215
1298993212
1104292858
502034554
782791208
1716815934
2056615322
443088615
21577206
2046329221
1301936505
455852637
1515597453
1739419317
1387864171
450750600
1309953425
2104591465
309525766
1046007675
1326570115
1011277308
865431974
919535756
401667480
244245748
13137035
1863565005
1633215910
1538557196
1476342812
1311949602
59280183
394352349
1992817998
1556701188
786150080
1020431144
1492182560
1848370897
79566828
1839530178
1494572606
2113259725
505547793
440176412
210298821
1137741241
448647620
622931822
1742035494
1369790990
70377352
1382895232
315044132
2108579542
1256938401
823341333
283675127
1972972840
54084359
1626600692
1702072467
1338017598
2092944758
394352788
1649360642
722725172
878493858
1321997155
615870702
791454559
701006984
1257449651
1171221819
1072955464
1911220960
1283800898
570828753
1354469444
706198446
975939428
1494588791
23090353
508967160
1904695759
1464257498
2124621007
1050143634
1495456003
61466542
1626097208
259402517
1482719060
132289260
2010501885
1473442542
1291543445
1580332345
1287137119
1420867218
11116131
1040627815
1017983271
2027816655
2136037899
345574164
1723013795
1640823358
61781785
773385072
1919183677
2067491541
736046974
651631645
1187207097
1062222489
1101513309
1186284847
1618451466
1638068592
2115359346
1244652370
1194973394
1013327380
971981087
1402783499
2023558773
1422017572
182775829
786630167
43413464
1031102805
1094939547
505241839
1538090684
1445327813
1569742718
342244973
625034161
631331696
1035942037
1570537352
1668264888
714887355
1829745904
1617071419
92190073
10119726
2027394205
386736773
1658742813
1988299583
571800854
1523414153
394440137
2101161545
1951064394
976911061
203045816
59808668
477601862
1133984191
1260933620
2023899053
2140054656
1609568492
1021310129
684356206
559967680
747057130
745742662
1281302969
266932140
69759741
1475745993
1383657702
171167470
1543440887
1067350597
1238990715
369305348
1938516800
1269270170
822749443
785851043
2071868662
86018034
1202565111
945852617
1671740973
1929377499
586442201
479084638
1994275415
1504024326
1699316320
2060061830
1365012671
555705755
2127133646
1968055174
929114672
27841335
737956445
1868010064
1230608050
1536779139
2009850071
302104236
1338707316
535784562
2078106693
375855621
706259141
309677847
1886817471
1960703694
1021272124
432743456
1040812387
258804367
1067344632
33846771
730374497
1065469584
263951362
61424227
618204210
757813536
1288710863
1549999631
1833294568
994019714
765958625
471003991
1439622305
1685856373
781909388
1578727164
1136445461
277639007
1259697366
451152979
807547983
1702713365
1093789304
183595814
1443089017
221452105
1705563137
773667111
2112031439
2072613777
265092378
2109114642
1199431350
1334203152
1128248548
1700172126
1021014501
285991363
460450685
1999920287
1834495169
1467028074
1645546914
142054779
1332593095
1759192081
762248303
778653766
1234264099
1558214201
1345748801
1710855229
1288781149
1198134696
911323580
1300364892
2012989491
1571097546
245764072
144275420
1395521153
1656289987
708960886
80910925
1993031773
461910034
1990257953
2080242507
758708799
9828323
533356848
782449120
1969217629
1039309553
228865559
1400326006
1343341845
794366229
775432765
608437879
421426308
2032210544
1323879897
94173315
759299892
2112409906
618207734
511596109
1900527090
2139375108
791623061
1664060179
266371260
74750232
881011441
1226288568
534739673
411619786
30699229
2000826751
989371907
1878103795
149765194
314288230
248788672
44329419
1816716773
2052198685
1115077583
386360696
394420189
943835809
1572397757
1160064311
1059218370
831514490
519777175
1740198694
360231049
333724301
226571705
1222648235
1512179884
390141854
1209290693
968446341
387231854
1453089126
1288819888
1971050093
849825340
12394317
796985334
1106349160
1310863151
58356933
680870638
733228972
707334574
573338691
1262249271
141666604
902543409
1248651225
1235655250
1133795778
476948000
1338886516
1932764746
1519169016
907643097
965526704
1367542670
943973492
1801121489
807844947
849837023
1066701053
1770065618
698609005
1427318372
1638139438
1347912034
975497738
1280939227
2000711606
856550980
1279411601
1706879466
110757704
1633013784
1439984828
331838099
2104127014
1003327517
1465303860
235904198
830723398
29514775
1173405896
1691583761
2003975710
977680460
1944152138
544894323
49528337
1705897896
607457798
1851625294
1278299765
383951872
1391666144
866048634
1164989248
1605165171
837873929
862671734
2014159440
341520364
500210525
686809785
1066759508
1745115589
168194141
430081831
1935167578
457541254
1538055108
527367583
814974709
635350731
1628875207
318050225
969189898
605279811
1628500718
1031265133
95012920
1096791253
1950460810
1803585110
778373857
2062323677
1789227218
1236004214
769186265
1737631123
243191198
63046795
943345579
1021553804
649253055
472823391
2074765442
793184603
674393849
1113536565
134411707
1983806544
642632350
109306463
1133182980
2015373664
340138696
1340456941
9888305
898300965
2026146866
1770006399
1473447579
1797163516
1906841011
973197116
935121205
930329676
293722713
1306389979
708567085
1982721254
800543518
1791826655
1980132666
56172168
171645513
1965473759
891173256
1917213564
1606472292
1945570563
14683710
1759089758
1490961110
2109899403
1568045992
501004538
1297310748
78070153
1386291462
1251001683
710194600
1578988975
1095526128
863722689
1791940438
2082163267
822752868
41399602
1087373447
670432303
1555748462
645641360
120819420
1780529972
1396554354
1886274115
1979025041
906177599
443853593
1979313870
2111274611
1907130068
2095076310
1805071252
1457394047
457516967
1128521492
272346301
541429785
1760588361
481159934
1531957044
964578022
1685076991
1386201322
1860353224
2116841798
1030769071
426793315
749467762
682433905
2030291700
2098681553
1717886134
1726072877
297188432
149209287
763352610
362610217
717093505
804055529
425821171
194957562
1030486252
280791672
236978391
1664949679
1195191606
2145368444
445560270
154886930
1336828402
713494157
1730230570
429359486
1220559476
1606473277
102095797
1405902424
1856934340
1878057765
545302001
1558250795
269917871
235939211
1029285754
103448676
1857005303
1969607597
2076023432
630211494
1659960234
1937673389
1983774097
1929814475
1034737808
230850584
1250813195
745564281
1055129790
718423060
2032854863
80763740
1208308295
442672166
133538969
121956613
1787667218
491410078
925076780
2102661983
1169119431
1199113888
430679954
271787465
191778275
87961807
1399470337
2106946261
1855174124
1161695383
1943228889
1673982877
1747374782
1129747479
1380606026
1779122876
1741843715
857869482
825559827
117902576
1676419521
1096573457
1489090149
1057075530
1389475597
181407294
1849570534
548301583
690080221
540724159
1189168849
1015545647
1108887291
1701740741
1429317946
507479903
1714176278
628199633
2027919215
2028901589
1997788659
1982488314
1309786235
524715168
1890317504
1188326109
552915652
1685749665
789378953
163189281
753721300
381632554
410132931
1377083557
1983511092
412309297
1823028742
1126496585
89493364
1010060080
1822455000
3260758
1659117640
1884326557
377255588
717002891
2045712589
600558593
847540938
1267632069
1851042537
1609242039
1917494736
1960079433
1930931407
639059780
1323280566
436659633
1435999650
1278778957
2008722278
711294066
534319665
639324473
1735238730
990131974
520678369
1123350884
744204024
376069050
6871976
1034168060
194556937
1546427670
1945752373
1748965500
905802759
123805412
2040604206
1704734659
1080979332
1844085215
760167825
894328528
259880519
352305146
351985468
1371104796
1560610722
2074690377
1177693063
1074093716
1330163167
784875920
414356239
1819715890
966942425
977536615
1376462478
849804855
905188262
1086944774
266388198
703460871
1293281650
29602483
555858749
1586693537
1181498727
947482309
711902017
1170770105
1893094856
237573459
1901656972
1821315955
2019379741
607556478
284238371
1914299838
630455433
1033907288
1587677465
415300171
680793655
211575152
1620088145
43698985
1460738291
286890492
1088268128
673154559
1111078869
2138624673
2135584913
962136549
1194379543
1994866657
1124455938
1488890079
921322248
282029345
1492231147
126961398
1968035354
1570308694
1100509951
1979453685
986174997
1459026508
1501118955
1460118717
134890606
938914707
1683743995
1966155077
1556802994
461301254
556895708
1171543090
1961405469
2039752441
1907805564
254765839
2058420551
589907454
2076217869
674827817
1512069374
639396948
133415721
778851082
990537519
199657709
314523152
565474448
1010643709
1410413339
988419084
1096904361
654868724
1348455894
688131318
942169004
440168023
2119914924
178556881
205917527
818753429
87876421
1673802643
1770519393
267846618
782863506
1103059460
1961312700
1780256706
1559424658
1121212096
102959209
130740521
1832536513
139838550
1996705527
1785855518
1804122909
1769064851
1598207385
1234452726
2035137493
1517891801
1999470051
1654219644
73249169
1025332136
997039393
103209798
404552024
390724671
98523732
520997155
1621128994
674266971
2001179082
1402609072
1188254715
132870174
1409046617
1098790154
96613585
2046193675
1134712887
1742158749
1319556058
195804462
497869177
1157221915
533956260
1848721497
250890278
1006331529
550296250
148438408
672516600
1868843123
878187248
1511319654
1510593966
608091712
2057826124
1474051817
437333520
636721568
918407569
1424010264
2103902849
1295059233
556511337
408130796
2007873338
832042209
541379374
1851789652
1047377705
2017277022
85192789
1040462675
1540966757
1531907946
969209975
633101893
16647244
1048878138
1479276542
631083071
859576379
1736682653
1180576104
1462214547
1675971561
306388041
109244987
661032562
921248864
1522168400
851446918
1057633965
739332761
739043250
621444879
1745727380
891887796
418186509
1431744030
2105274367
203176145
173484400
968650469
368397931
1514454926
1544842317
675850122
888250683
325475357
651979916
1208264147
1400168736
584280064
763608764
919860845
1932021652
1637032036
109956196
1187784409
1151878016
1823691543
13899384
1010203636
192339454
551395624
1306651879
337790753
293996856
997200154
1178783057
720315412
1708082031
1129990852
208845526
488704318
722851864
947680968
1166213386
2143597776
98060577
215636910
2147152901
1196007534
1153419857
1061483164
1361272726
1688159603
833147085
348540340
535066519
859184090
953014454
1623149066
1707686747
1004625359
667788016
551823168
1471700548
790444499
2035830014
968670913
262268786
898481542
1080214793
60732566
1877072534
574972692
1022770176
987995112
2072730596
203868991
623466456
100837651
1096081703
1629736452
1219168245
416623458
1754604014
2010426349
10681761
1464248429
1909037284
881117682
246016696
111481612
1100646461
1258226189
475777127
22231031
459117389
1824141913
1403553801
476518908
2111250227
69686502
1655418928
2069862363
1804324018
476908059
714704837
1597527489
41319711
1836130248
408457543
559449183
1921807478
223297224
1489516591
1204338599
507529864
585402703
1721873012
409329443
223182160
730502102
443430954
1611280882
1537316451
219726496
1985860422
2122596447
156562821
57259495
1241262460
541707551
1282699864
110300840
1760870985
751267879
1526605615
2136503816
443443981
395887912
503764736
2126999906
1813871440
1367001000
2074247288
1526213870
1730599717
587830974
855756841
2118649615
2036977067
955546218
1180648414
983909944
300196272
48669838
871493904
1951400828
180914801
1100007309
1867055217
90895282
26411645
2091334783
2119307429
779573569
692533944
820646670
2046677520
33687694
315111290
1812464880
353979850
1207699711
998006231
1845683969
1638361519
1310194858
753750778
759943676
887970708
1051596959
1562587050
95870166
1973280148
297473998
891824623
642376375
1899632008
808137367
1368520397
1416064661
1123828117
1332266221
1111508527
1670284911
1183800286
179760421
1322506975
964276259
1016596314
1675300193
1121444018
1114843629
1506162625
966572435
1867465409
1457123453
804005537
793918512
963765201
2024983732
713967501
94927731
201439956
274350842
1990790516
2092411211
1205728649
1973411390
1394897679
115525603
427451198
1147203723
968513652
160869579
2109966774
415269700
101967816
492686536
1574692389
284938492
62083858
344504885
1009056856
221659892
1442995498
1937760275
1984886257
1712163890
1303592912
240231349
30651344
1089870906
1923653848
215529217
644764558
652854124
586311811
1955136867
451824419
1786118905
1765305066
1496204628
1414880423
861217411
1816721044
2068699266
2007090229
1595196753
496007718
739132573
1612325356
1501452588
1847628602
2116103870
1552335375
539056344
482342984
1439785843
899417420
1881472050
6410176
916788587
823380762
2080804835
410658362
1805458619
196075579
700665534
151934405
1922867403
1723700065
1824536252
1312510044
277952224
1003663853
389018513
1197006711
1898585926
1300123346
2086574314
1409288893
1257106201
2041304472
1238140486
103544790
837317808
681380733
1811770990
1066382687
480228519
1908916406
318119058
1513128695
1461493128
2024674259
557003010
1551583350
926795797
2064927040
831366
545590846
1188846133
904222951
2040387930
672229545
942158457
247952371
1745251529
142010530
1973879369
536077488
332530788
296272719
1645387951
645515918
690221023
195953388
932020160
1456034885
1620148361
146911923
1172885154
1885157906
318399335
1432131575
463893055
565336607
1724793579
832580177
1033477765
2107209984
1789430358
975412465
808155734
544032858
278840487
740223766
2146818067
653718942
2091626814
125630872
473738432
468558579
384354322
798818210
1836027860
1612794930
1231652748
446466174
1055337888
1252506122
891782654
1510375561
36124249
300565828
119791811
1540939589
2041312196
509430818
911360755
1863950477
441667453
1477860320
1974164931
1825365731
2003022819
394539100
663243896
1747517669
1789907363
660327377
1439038982
209914847
519893984
612370623
214392393
465325434
927083772
1818044391
1071552735
1847307921
1949386246
1091042418
1469149088
1871716644
1868495552
612923441
322059963
2071903077
1861135435
1546746367
386328686
1989554672
1719555185
1172561987
1213235809
1053459224
1288840079
28901778
1687830176
263636316
1712050973
49335665
392407603
1917856505
246437596
1564604216
1881275228
288648345
1291794075
334408978
475384173
978217
919173797
1818656032
1101932611
1202915528
1588245706
786836157
1887945059
113189083
1927630856
378557916
1327899823
251860797
1120661719
1007023758
326052548
1268648596
674517006
1739837089
1599333107
233981375
227318389
469373794
1896883931
1431008363
1433599720
1428533634
1671531936
629296837
1858057508
33991958
1592269002
1160384074
1919706929
1105543096
1970181308
1862737338
1682474860
1942976203
92161742
1641256490
1519959344
1775449052
2072060682
869088057
2084057633
1960087845
1584358272
642893914
1798646292
1903086635
666434374
470384976
1473179550
1003354247
879296272
250419129
1272037176
298966209
2093530472
1777539009
959314700
204372823
1814683785
1166159351
1525846366
918874590
1599771614
1896396860
1915166618
1849112640
1262241554
1013920728
1862335478
1726237219
1571113171
413285030
188149699
69510251
1925124905
944365936
107613270
1945063637
1410777965
470772053
1851171981
589175236
1513281511
1034901095
543626496
997883929
1700326664
1638210897
1240638662
582020411
1071633472
1369356853
1250781409
777896758
1603665533
758751892
1022538823
96472319
1107940418
2012193895
1977761421
1733800150
545338719
565273674
761318194
871442116
633797202
1553288408
1624226694
1333712196
1430843706
2019352850
1876661558
1925207550
904818804
427787256
1375217524
691668142
322386133
201910074
513906887
696474147
506724738
336229128
42223468
1486402916
962963310
1354897670
732038760
1002788077
874879601
2047747163
1831461163
1644454423
1401537026
275560681
1503670242
1770262677
1096790929
2008994711
1103586906
1583608858
1367258243
1198636489
1561765772
754437656
401449419
1420756465
2081540041
233452964
1456568098
1138896703
1848051587
2041486198
57331682
1063545460
242315445
1088965644
691297157
881969620
293822704
283390445
119136181
739279418
952855044
1915403
1549730319
617212741
1323193159
1394564162
1254536057
1277038768
2106828165
874211837
1165997852
1951778496
1880017796
255714551
501767936
1231311830
908423474
92094495
211011
852025636
1018456941
1261964437
303562998
418448508
167711343
1304540370
1628955028
1610667332
1925814484
1661241316
1536263200
1719279238
52267338
852096726
519127770
1929601060
2100311252
505808430
1746094237
1252553001
609582010
1829836175
745610456
729396538
501611281
76234623
1913763111
864810795
1160136931
1121366851
1501218445
422189742
1781369082
1200261863
1070837840
531298086
153371726
1888862042
735443569
1878052249
328797448
65141941
1001193927
154987460
263657778
155203740
472255415
769207881
159620606
1975848125
606837650
541209604
1938380208
1322841974
1847231371
1276654715
52836904
1881195667
950848339
927566707
1604722192
505708597
983443027
717826975
2065002142
73364942
7295878
265570932
1658980358
1179245896
1986617584
577615640
294954624
1209333829
399994046
6975096
1087118833
123502977
1190993403
626138745
734798393
169635924
1362734829
1066363462
1241778712
2028483156
1403716362
504816072
2056165053
282107160
1814160026
1944632884
1148348909
1136130583
1878005226
1069585853
1543206092
656912046
799717930
50813035
511723851
1748050496
444900
1187973124
1206573103
1318823032
1377530649
1969536294
252364218
1018901930
1345680634
972860278
665853688
1609053015
1235246912
658831091
1584388519
1708001999
1123953960
208096356
509618372
1019687921
1737709071
1666076400
1672564654
1130288654
972361125
436407500
1600667129
1895078124
2036927953
1825033486
1128979922
763708390
1889657889
1381542049
1038262026
1088613680
402152684
1821343825
871917761
1548852025
678577671
78643718
532003760
682187305
1332765472
620334862
2018078482
2095900554
6360506
602404243
1948979760
903099907
1609734853
1172901676
1518247048
1077685054
580403161
2136766094
910866073
1927354859
6672911
865314403
1255048526
492804574
368203900
1499198259
1609073156
1263501396
1253510219
260108927
1187940666
344382035
2027946102
1926037741
49277396
