2147344558
2146867063
2146857499
2146730414
2146371504
2145415116
2143333413
2143013245
2142298052
2142251251
2140898517
2140323411
2140285807
2139486388
2139472180
2139400566
2138712193
2138040617
2137698889
2136693579
2133744104
2133659140
2131950625
2131462162
2130835939
2128798263
2127183787
2126697479
2125605717
2121602800
2121601743
2119959484
2119348840
2118371750
2117114912
2115496633
2115328665
2113699201
2113104929
2111174675
2111124476
2109459464
2108757916
2108664454
2107845582
2107402669
2105338404
2104290809
2103602785
2103555960
2103339227
2102028464
2101754709
2100392412
2099162383
2098241097
2098198627
2098181921
2097494418
2096904328
2096339183
2096334645
2095698062
2093178256
2092978939
2092931818
2091460522
2091058741
2090862441
2090467687
2089844858
2089791961
2088916892
2086147416
2085243179
2084513043
2081747780
2081592610
2079115274
2078881951
2077336249
2077321654
2076282390
2075646108
2074445454
2073979616
2073849634
2073776695
2073282460
2071480225
2071379864
2070968774
2069302675
2067804658
2066269036
2064415140
2064137213
2064109257
2060738525
2058574382
2057698176
2057351509
2056627295
2053937779
2053871903
2053368428
2052934448
2052700923
2052011229
2050521261
2049045183
2047330072
2046886822
2045019077
2044321696
2042002625
2040910270
2038451989
2038163138
2037756347
2036645834
2035929677
2034751999
2032144240
2031828399
2031672429
2030429604
2030233993
2029906250
2028231540
2027788088
2027307797
2027090272
2026678017
2025863704
2025494219
2024464570
2024110043
2023519899
2022669326
2022664515
2020634025
2019807783
2018676648
2018379866
2016902376
2016342767
2016330707
2015907142
2015661237
2015457463
2013975661
2013835658
2013215791
2012497801
2011322503
2010656181
2010318810
2009209010
2008109437
2004897158
2003419772
2003367643
2001900312
2001896705
2001321743
2001207639
1999535843
1999195939
1998947944
1998539748
1996138944
1993657863
1993377237
1992836049
1991749278
1991153065
1991098866
1990510128
1990461166
1990457167
1988363803
1986744737
1986472607
1986384961
1985237193
1984058902
1983157502
1983042791
1979624970
1978790354
1978238935
1977819492
1975035937
1974898033
1974751946
1973940914
1973408754
1972079926
1971630273
1970384206
1969919903
1968478508
1968119010
1967865592
1967413752
1966469801
1966367323
1964940161
1964424359
1963511114
1961681284
1960977718
1960000958
1959025081
1958151264
1958049285
1956387758
1956231253
1955487622
1951915718
1951821362
1950135996
1949804269
1949703468
1948310605
1946749869
1946004566
1945247863
1944639122
1940609169
1939480229
1939328270
1937981572
1936321048
1935460583
1935334815
1934854437
1932422412
1931469170
1931066778
1930007251
1928484910
1928106529
1926775625
1924861233
1922880227
1922804270
1922011017
1921988744
1921422620
1920641110
1920548074
1920382864
1919404780
1917727967
1917588761
1916154970
1915801032
1915671862
1914083611
1912885171
1912175732
1911736444
1911726558
1911194470
1911162128
1910069669
1907453509
1907420742
1906942054
1906008766
1905291329
1903997574
1902913306
1901375605
1900956224
1899494160
1898798608
1898396176
1898367341
1897102524
1896051087
1895818701
1894018136
1893968462
1890983116
1889578077
1888358553
1886413134
1886082053
1885859634
1885788765
1883333834
1881147177
1880786690
1880574699
1876506711
1874257014
1873518850
1872092303
1871453951
1869735886
1869411821
1867794098
1866512805
1864674102
1863355182
1862099977
1862069720
1861768303
1860774470
1860204248
1859512711
1858846885
1857176616
1856744662
1855422547
1853555675
1853415304
1853125820
1852874314
1852804678
1852026144
1850043092
1848665689
1846328611
1846134016
1844531964
1844001712
1843069728
1843040236
1843040173
1842883616
1842539215
1841931550
1839807384
1839628019
1839427196
1839376499
1838986460
1838956656
1838937681
1838584359
1838385400
1838224500
1837833666
1837168218
1837084055
1835525449
1834816431
1834566610
1833505845
1833457466
1832621113
1831980455
1830740251
1829685189
1828642498
1828485545
1827450136
1827109676
1825133298
1824510648
1822593298
1817530111
1816703506
1815927684
1815047194
1813137512
1812557719
1811289643
1811269651
1807739888
1807712564
1806763430
1806599058
1804685807
1804447941
1804041528
1803205708
1801844076
1801081597
1800372301
1799119531
1796444605
1796127610
1795709278
1794181974
1792093381
1791685533
1791600351
1790268173
1789206966
1787324566
1786028928
1785852798
1785607628
1785196159
1782690715
1782217392
1782210346
1782097266
1780543002
1779861288
1779790572
1778487130
1778101982
1777875659
1776479714
1776224299
1776101715
1775941906
1772904532
1772104985
1771295027
1770414602
1770041992
1768965938
1768619671
1767819055
1766431228
1766255871
1764534104
1764511147
1761165088
1760913022
1760419409
1759985145
1759173636
1759033139
1757990384
1757770946
1757686707
1757285527
1756992355
1756429792
1754467865
1753151698
1751147390
1749761761
1749647069
1748802173
1746348661
1746063496
1745464331
1742067456
1741993037
1741232620
1740078820
1739717478
1738613291
1737684223
1737665483
1737335117
1737060753
1736972559
1736907725
1734387239
1734041146
1733322044
1733107061
1733009966
1732314549
1730452396
1729394231
1728715144
1728650802
1728573915
1728386966
1727902388
1727871143
1726233956
1726093982
1724255596
1723436386
1722428413
1722423638
1722359551
1721879797
1721308130
1719062848
1716918913
1716816720
1715672773
1715442297
1715434148
1714883177
1714751211
1714228181
1714075234
1713220773
1711860962
1710592065
1708244125
1706497716
1706460985
1706392640
1703324727
1703116411
1700461378
1700423355
1699460969
1698931099
1698762347
1697497742
1696712044
1695805562
1692599335
1691762623
1691215822
1691069368
1690693521
1689605987
1689057180
1688762121
1688141808
1687352257
1687234835
1687081948
1685424190
1684389920
1684135382
1683561756
1682600035
1682293645
1680425787
1679704380
1679104195
1678670495
1678478495
1676965880
1676605034
1674519881
1674245362
1673880147
1673134221
1671870412
1671752533
1670601772
1669243459
1669068712
1667225078
1666031851
1664122603
1663323580
1662373353
1662237081
1661845953
1661429504
1661293016
1661066073
1661062460
1659675141
1658071060
1657824443
1657150810
1656838580
1656404964
1655949362
1655088638
1655037047
1654997087
1651678592
1650207725
1649450000
1648804795
1647720952
1647595675
1645966347
1645579253
1644961751
1644428521
1644314248
1644134227
1642275593
1641242052
1639933323
1638641508
1637375108
1636221494
1636110298
1634924532
1634219254
1632834773
1631989344
1629900077
1629517542
1629027859
1628148091
1627013675
1627001341
1624954180
1622563538
1621023710
1620773132
1619182762
1618343043
1617983028
1617974375
1617301548
1617267244
1615942636
1613969032
1612339479
1608262933
1607895036
1606811814
1606295928
1605356300
1605170021
1605036051
1604770006
1604417122
1604070028
1602768950
1602655107
1602182100
1601818542
1600480554
1597896804
1597406495
1595719484
1595277047
1593046091
1592930649
1592876385
1591361066
1590514622
1589989403
1589882353
1586524635
1586466942
1583075058
1583037006
1582901674
1582744500
1582596813
1582001452
1580858707
1580240703
1579491043
1578915456
1578235566
1578131594
1577828173
1577143093
1576523834
1574839714
1574747418
1574711008
1574319841
1573179985
1572751406
1572179817
1571905605
1571360829
1569988845
1568104703
1567568783
1567038990
1566252831
1564058909
1563887124
1561347676
1561070160
1559574639
1559094304
1558887327
1558848133
1558806599
1558720899
1558719995
1558511894
1558464255
1557859812
1555170947
1552938386
1552672466
1551887708
1551661105
1550428261
1550162418
1546723852
1545347098
1545243586
1543738868
1540634915
1540586675
1540419127
1540038213
1539376486
1537193365
1534687519
1533800449
1532264629
1531221680
1529665978
1527975575
1526912634
1526521358
1526056505
1525340321
1525275339
1524350598
1523327493
1523053722
1522365662
1520528118
1520398745
1517123526
1517068785
1516750962
1516563481
1516449366
1516181765
1515856156
1515629224
1514171553
1512721446
1512132287
1511459956
1511316438
1511307801
1509738641
1509675898
1508787141
1507346353
1506641564
1506582399
1504423843
1504166670
1503501674
1502414762
1502208500
1500780293
1497776958
1497368689
1496897775
1496355792
1496081918
1495315776
1495139490
1494904466
1494552324
1492188985
1492034487
1491314060
1490088355
1490019624
1488510369
1487987702
1487746420
1487577093
1487440851
1487015956
1486320723
1484543725
1482812354
1482119871
1481714754
1480401981
1479139026
1478482021
1478255141
1477525898
1477268492
1476768591
1476246523
1473655561
1472858793
1472406915
1470602320
1467771538
1467393565
1466440250
1465635947
1465148585
1463767909
1462230820
1462128827
1462017600
1461785011
1461390176
1458801711
1458742743
1458658791
1458489292
1456528201
1456076594
1455789839
1454071715
1452052507
1450045182
1449428074
1449385800
1448594764
1448580518
1448037506
1446922476
1446787540
1446783882
1445200001
1444325174
1443039769
1442647470
1441885359
1440505267
1440470091
1439334376
1439115294
1439030520
1438207861
1436592943
1434022913
1433639055
1433380000
1432401940
1431118990
1429885780
1429872897
1428692978
1428403493
1427803900
1426449595
1426291834
1424736449
1423801836
1422936876
1419909370
1418093638
1417570021
1416128938
1415733785
1415515101
1415094394
1414568494
1414078912
1413897213
1413442206
1412577237
1412385175
1411561653
1410593958
1410378619
1408658746
1407550539
1407484360
1406306048
1406055058
1405321968
1404625398
1404543305
1404341103
1404133338
1402842163
1401828111
1401504329
1401027346
1400707969
1400478963
1398516643
1397480352
1396824472
1396783668
1396098144
1396090168
1395614661
1391597477
1390105848
1389781961
1389627237
1388852714
1388691439
1387031913
1386549233
1384498650
1383300444
1383255098
1381074448
1379123451
1377522359
1377147981
1376871763
1376656376
1376115251
1375777529
1374353911
1373205528
1372742607
1370650458
1370353209
1369651580
1369439321
1368499340
1367606003
1367177934
1366525145
1366070350
1365557039
1365288701
1364201318
1361567182
1361100986
1361083913
1361031688
1360588372
1359792523
1358341751
1357955472
1356953272
1355818976
1355759586
1354651408
1354110112
1353627447
1353115791
1353068642
1351879940
1351588301
1351373753
1351132343
1349956255
1349248990
1348781134
1348316191
1348278006
1347432159
1346346739
1346045957
1345968407
1344803262
1343878161
1341303274
1339814870
1339462504
1335096813
1334297807
1334282487
1330977801
1330845329
1330594562
1330571643
1330053190
1327852688
1326981512
1325453289
1324263190
1323623219
1323135182
1323034413
1323001512
1322934175
1322847659
1322808626
1321500995
1320593281
1319650627
1319207295
1317189337
1316747641
1316689979
1316577852
1314631251
1313188145
1311091339
1306975664
1305928997
1305441836
1304379157
1303541530
1301861451
1300714376
1300136897
1300122821
1299500760
1298225804
1296848471
1295234678
1293413798
1292604144
1292514318
1292177247
1290691520
1290672113
1290276878
1289765858
1286198715
1285952975
1285112536
1283215299
1282458529
1281471778
1279782647
1279649135
1278644824
1278614912
1276813634
1276298158
1275646185
1274684348
1273899818
1272026920
1271837051
1271100878
1270941472
1270717497
1268338271
1268140996
1268001593
1267967855
1265241578
1265116209
1261989287
1261914813
1260470476
1258249933
1257308434
1256835199
1256696908
1256359420
1255990508
1255224609
1255167537
1255070341
1254963363
1254603212
1253795940
1252745187
1252379473
1250550534
1249872505
1247169872
1246215704
1245844360
1245673419
1244858453
1238590233
1237487187
1237232220
1236891128
1235841504
1235753941
1235518212
1233771110
1232376755
1232243373
1232051189
1231588634
1231342147
1228909906
1227675522
1227251727
1226325415
1225947370
1225594759
1223960192
1223792493
1222767993
1221756935
1220556717
1220519982
1219102733
1218094015
1216438698
1215604789
1215361029
1215083072
1214913966
1212952756
1212836396
1211940552
1210598040
1210157730
1209748282
1205380210
1204888501
1204256590
1204083640
1204015376
1202639472
1202302926
1201706971
1200983204
1198574277
1198289636
1197814550
1196703867
1196451419
1196414823
1196205059
1194612093
1193716008
1192749077
1190697355
1190177594
1189826021
1188876724
1187892465
1185782474
1185091614
1184286857
1182325361
1182268045
1181959892
1181286206
1180785751
1180206890
1180138248
1179642621
1177887858
1177161585
1175478491
1175265881
1175151432
1174828817
1174070437
1173940347
1172784090
1172644194
1169706745
1168410039
1168241500
1167136482
1166405985
1166001179
1163671972
1163361295
1162553886
1161871560
1161614563
1161340269
1161190292
1160386878
1159428916
1157876531
1157811752
1157757188
1156020387
1155317120
1154475565
1153803655
1152749837
1152438756
1151545423
1147795174
1147723833
1146141691
1145535134
1144562304
1143532762
1140236618
1139901769
1139559388
1138968989
1137688186
1136116439
1135378969
1134523754
1133674770
1133615631
1133286734
1133157690
1132800224
1131662179
1130641433
1130135679
1129592667
1129517337
1126276093
1125618170
1125540722
1123657593
1121833231
1120851010
1119628051
1119595425
1117225046
1116917654
1115109818
1114962980
1114905223
1114386484
1111246496
1110288829
1109574370
1109083775
1108558809
1108403033
1107821159
1107344848
1107240758
1106410560
1105893929
1103687806
1102817623
1102574267
1100496568
1099460799
1097682696
1096710521
1096136631
1090798951
1089019328
1088174592
1086681116
1085306185
1083853313
1083633488
1083157245
1082610532
1082514136
1082256099
1082060161
1081624936
1081414072
1081377905
1081102892
1080665185
1080227427
1077710489
1077420598
1077307279
1076817646
1075524635
1075051598
1074613016
1073804873
1071724257
1071518869
1071084794
1069379684
1069098484
1068512730
1067695129
1066765679
1066702683
1065126373
1064958808
1064103106
1062917284
1062788933
1061443294
1061398308
1061057243
1061027840
1060780614
1059582340
1058533151
1058415791
1057475484
1057436372
1055921305
1055722689
1053756239
1053434602
1053267866
1052421357
1052411225
1052210690
1050294904
1049550463
1049464749
1048868586
1048399768
1048271463
1046040721
1044124787
1044004936
1043994729
1043662158
1043126547
1040998040
1040856593
1040315747
1039708080
1039465827
1038278290
1038262296
1038131561
1037552775
1037258008
1037091979
1035108642
1034512646
1032665980
1032221646
1031569735
1030753829
1030498762
1027643902
1026247906
1024190103
1023711577
1020539843
1019592964
1019355588
1017146849
1016179299
1015994934
1015056375
1014266006
1012785443
1012499598
1011618479
1008952675
1008521729
1007897811
1006591983
1006485013
1006466849
1004487589
1003486886
1002979608
1002976850
1002220141
1000865361
1000130527
1000081422
998976774
996835751
996283725
993815137
993784739
993739100
993534743
992948030
991924526
991263099
990178500
988364700
987955258
987665658
985658611
985139219
984539662
984294083
983096492
981272503
980995125
980954659
980400116
979387351
979140216
978525989
977935088
976592126
972908381
972420188
970393760
967167567
965507401
965141595
964765890
964381008
963339862
960517795
960363619
960087174
959564906
958790542
957837182
956773232
956771223
956682137
954651878
953154317
951722662
950838326
950160360
950148571
949384455
947943003
946527295
946498434
946219875
945542537
945305579
945159529
944463486
944419008
944320341
943352255
942963633
940794618
938851817
937866308
935913055
934870339
933593414
932567610
932359242
932352213
930602409
928849458
928812773
928791898
928657806
928299793
928035106
926968274
926496114
925487758
925128836
924657862
921205957
919941548
919282758
918485365
918089344
917798133
917523041
915107680
914468266
913828261
911146691
910853236
909644803
909225461
907390705
907084111
905419061
904058984
904004919
903162663
903098462
903021757
901035359
900139640
899334715
897006735
896772739
895472128
895013277
894739496
894720784
893385574
890026140
887843772
887623256
887175326
886584142
886053538
884535997
884067500
883378994
882991371
880274984
879411814
879385762
878387706
877946034
877897937
875943033
875456035
875325113
872162028
871070157
869370970
869095989
866471424
865909053
865496513
864910984
863823278
862619017
862096409
861905982
861748320
860032208
858273910
858190981
857568758
855991799
855190044
852521987
851950614
850505370
849556589
849263035
846421317
845324818
844347090
842821825
842483685
842109457
842097371
841978111
841945599
840999771
840788887
839953375
838456018
837860652
837171860
833856437
833274840
831297943
831035419
827493084
826364069
826073037
821389413
821103611
820812084
819880081
818479537
814394540
813229039
811737215
810740178
810584478
810131421
809579982
807439413
807403118
805484720
804845171
802552122
799958323
799859524
797534460
796335959
795936125
795129332
794532351
794384032
793766777
793103358
791408111
790487201
788916965
788602826
788054383
786721307
786481460
782305828
781731062
781409931
778736819
778530211
778017287
777838253
777703256
776143438
775250238
773850480
773556140
773480379
772614245
772610157
772576060
772210824
771758527
771434668
771405432
767378812
767156537
764765432
764744198
764124278
764040128
763371480
762768093
761029307
760444842
759353311
757993403
753780289
753274724
752795054
751812930
751432105
751074771
750587110
750488198
749661170
748657236
747279079
746049031
743912690
743451478
743431284
743219428
742671689
742529632
740727944
740164198
739382594
734713527
734706433
733542836
732891691
732486616
731595430
731002618
729816465
728415621
727748693
727127397
726815961
725939043
724829739
724563384
724391472
724269292
724210714
724079377
722809458
721776066
721211503
720652269
720449331
720071823
719406703
718890529
716523265
714686296
714314026
714266747
713857959
710238127
709714327
708120266
707916082
706093341
704251958
704230005
703962108
702585344
702145028
701776647
700913690
698423693
697019169
696879063
696556345
696540504
695844533
695595844
695493760
695442158
694095619
692418556
691728818
691202734
688149280
687385925
685979947
684889656
684068479
683630011
682737689
681409036
680061744
678428396
677532734
676929808
676653655
675801911
673907555
671917960
671823384
671821209
670170112
669768235
668843164
666486222
662567367
661974346
661276876
660776749
659915655
659773826
659102926
657904034
657454879
657452978
657362189
656222638
655444505
654454827
654131610
653801302
653728237
652971001
652294631
650842825
649694334
649506058
648480462
647569704
646163131
645499864
645025293
642410277
641351201
640047582
639783983
639245454
639234971
639043763
638761032
638524213
635773621
635620451
633039655
630241701
629412573
629316098
628022188
626071015
624226721
624122182
621239725
618890630
618782437
618249428
617196464
616402144
616018531
614110320
614080878
613511769
612797158
612257164
612117107
611536975
609318105
609301006
608867187
608368058
608133235
607827848
607224244
607105367
605235619
605225225
602345622
601554725
601000705
600602810
600580445
599581520
599484219
597740296
597033089
596872039
596713703
595207750
595170015
593819670
593817981
593659688
593543611
592554055
591439072
589451419
588396481
587688645
587264474
587049881
585821969
585762053
585737731
585315428
584442233
584438193
584114319
582463652
580166855
579350834
578203826
577860452
577463364
576562931
575431716
575085801
574899815
574696701
573021804
572175726
571979658
571125516
570366008
569712840
568549694
568462050
568088224
567193836
567017614
566044414
564874727
563311236
562464201
562256713
562221548
559852152
559702852
558596901
558018843
557760805
557545513
557254984
556840094
555450120
555067830
554496648
554207018
553229145
551913369
551841640
551706631
551226679
551113075
549222723
548249223
547363205
546732396
546364443
546314656
545869365
545751853
545515666
545493509
544169387
544166168
543847218
542243660
541879458
541580618
539342419
538995950
538672798
538618024
538607853
536325270
535480959
535379164
533240660
532684747
532374478
531735126
531535660
531434351
531077582
530962353
530883015
530559260
530540359
529609774
529227573
528038457
526005082
525982657
525316674
525081869
524393321
523928479
523662173
523484934
523129237
522170689
521534633
521477091
520938111
519556851
518388933
517917336
517915329
517140745
516885723
516467135
516210649
516108981
514370762
512153693
510643757
510483656
508963379
508320586
508271186
508048123
507895194
507668168
507396560
506897390
506874911
504227593
503431124
503410993
503342459
502980123
502437229
501940874
501643048
500404667
500282394
500002624
499801017
499716379
499489824
498536374
498137025
498069220
498003584
497056614
496067201
495993295
495531996
494286436
493644918
493485560
493434106
491339425
489592782
488224697
488114808
486851040
486735880
486734192
486668535
486295027
486095641
485067228
484797861
484719495
483849613
482825157
481473609
480940154
480854300
480405033
479717317
478937385
478888444
478814266
478755088
478361708
475855247
474604127
474056177
473675878
470359698
469747253
467491436
466455967
465680331
464102091
463637788
462500639
462178882
461069112
460992075
460827157
459757333
459431925
459187792
458304042
457639731
456994964
455836072
454590913
454309046
453572150
452958041
452868086
451942016
451326174
451202492
450163155
449552166
448821281
448671651
448194984
447753625
446858447
446254050
444471715
443599318
443285718
442409853
441998589
441699842
441239050
439935008
438834213
436044526
435662563
434706384
434242471
434221858
434213781
434127087
433848412
433600073
433591586
431391159
430974970
430740130
430313032
429311543
428367243
427787183
426998473
426724329
425737392
424424972
422854621
422781600
421863351
420433503
419881297
418716656
418577741
418105114
415459557
415169802
414970703
414730965
412079687
411937608
411912250
410898212
410314318
409388701
408684369
407904849
406484357
406190037
405640354
404531441
404171891
402161573
401463512
399475805
398580936
397481168
396255688
394009771
392582923
391998969
391854073
391649289
390761996
390469887
389460481
389124578
388684783
386507152
385629426
384651299
382511982
380734402
380186023
379351685
378473819
377366057
377330408
376761088
375874185
375301439
374608600
374247687
373895125
373174958
372886954
372295807
370945573
370738509
370706580
369994547
369928268
369812915
369646042
369257879
368796226
365580578
362706043
361983693
360816765
358631157
355788256
354148541
354060644
352833671
351869818
351235360
350183448
348999329
346219954
345685815
345158976
344980702
344739448
343933587
343154809
343010814
342807998
342205246
341766597
341504951
341453924
336545269
335492450
334411126
333893585
333827298
331769385
330848504
330700002
330198620
328013294
327824886
327459062
326991490
326862750
326750280
326313541
325735960
324076072
321465359
320938402
319619359
319428750
319179815
318870396
317935972
317811903
316655257
316086117
315236328
315144686
314035557
313457140
313453390
313088562
312701359
311967442
311694854
310975603
310720343
310303793
309518044
309414020
309204279
309118731
308769865
306925907
306817648
303319666
302255438
302067019
299566373
299177773
298708278
298297820
297340909
293476539
291563372
291237362
290389559
288957366
288663887
287224106
285900889
283631238
283417546
283085776
281830380
281662981
281168306
278182467
275917206
273064609
272951404
272707524
271276291
270996142
270747289
269916003
269440335
269243415
268605772
267381952
266658951
266227872
266021526
265177047
264601168
263410014
262307033
261132103
260974205
260968546
260439584
259834726
259115376
259050457
258616473
258607416
258087498
257925057
256219283
256156667
255278927
252716543
250927893
249588281
249275601
249200745
247510051
245945207
244243592
243871560
242445537
241031171
240799126
240793168
240439268
239930064
239863559
239065626
239042778
238313883
238157601
238141403
237488616
237420153
237401250
237108257
236969102
233558055
232517737
232217424
231971814
231831445
231455323
230534510
228849705
228469793
228358138
228351840
227973327
226562981
226245144
225824943
225496605
225415987
224087572
224001888
222952104
221583912
220475648
220359469
219285075
219241535
218140393
215725966
214928864
213894921
211589250
209700293
209200777
208493887
208289004
207824754
207077304
206464440
203564713
202863460
202020484
202006140
201027347
198001470
197054714
196806136
194672958
194515312
194371175
193081219
191504665
191355352
190905650
190363140
189192224
184906839
184784046
183170401
182576740
181788764
180278350
179847886
179628333
178989307
178546785
177029979
176404260
176096589
175165382
174241675
174027295
172035643
170973972
170731248
170570513
170244387
169531419
169516592
169224804
169204346
168729778
168043366
166881619
166576636
163609314
163285675
163184506
161444261
161268203
159929104
157004692
156677100
156675220
155941756
155495452
154666696
154357290
154123010
153824139
152777328
150610167
149015385
146476710
144819491
144743376
144669935
144304860
143324921
143217821
141883405
141351999
141292875
141220445
140748250
139891287
139687776
139201306
138129167
136435520
135504595
134206852
132843486
131627686
131061487
130829643
130129434
129717760
128858662
128792001
128029967
127473505
124776133
124402125
124323612
124033251
122285492
121760683
120102069
119813720
119485903
118508687
118270511
117486956
116950027
114281996
113255827
112834566
112775356
112697426
112570593
112459971
111257141
110246993
109509462
108456467
107607130
106858076
106727917
106041543
106030722
105823512
105615845
105021688
104029356
101874081
99425965
99220539
99106371
98789227
98221494
97812594
97577474
97340390
96732389
96307403
95813987
94488178
94242811
93617009
93547345
93450393
91280531
90627238
87764032
86433994
85917006
82419386
79288703
74076286
73762408
73367869
70926070
70724615
69895568
69519407
69042367
68374370
66699316
65379878
65098960
64416543
62628093
62194928
61980942
61152843
61054120
60463430
60295991
59861893
59858684
57899460
57872576
57039471
55947943
55746092
54733019
54674435
54484217
54417974
53434402
48890318
48139142
47569311
47557414
44961338
42443315
41503542
41113836
38734939
36980780
36723139
36503047
34008714
33686576
33591737
30819058
30774502
30297964
29914197
28098944
27961411
26706636
24594596
21511679
20107834
19859484
19823332
17200967
17061397
15401422
13631578
11073833
10286567
10203229
10105987
9076489
8180560
7864004
7103012
4673123
4008195
3648957
3251283
3017705
2539412
2391391
1438294
998389
428428
