2147336128
2147152901
2146818067
2146315332
2146148917
2145411090
2145368444
2144972845
2143597776
2143557325
2143209293
2141890029
2140824966
2140054656
2139375108
2138624673
2137024711
2136855020
2136766094
2136699924
2136503816
2136037899
2135584913
2135407809
2134117583
2134002094
2133206557
2132087612
2130730482
2128835461
2128088180
2127540266
2127133646
2126999906
2124621007
2124591391
2123707443
2123551565
2122933726
2122596447
2122284664
2122193130
2120841088
2120655552
2120426974
2120299091
2119914924
2119887796
2119548635
2119337782
2119307429
2118686779
2118649615
2118234801
2117753026
2117719583
2117609073
2116841798
2116829942
2116322751
2116103870
2115359346
2114389882
2113259725
2112781124
2112747651
2112409906
2112031439
2111274611
2111250227
2111042754
2109966774
2109899403
2109114642
2108924720
2108680829
2108579542
2107601525
2107209984
2106946261
2106828165
2105652582
2105420611
2105274367
2104591465
2104127014
2103902849
2102944901
2102729133
2102661983
2102607590
2101378599
2101161545
2100818572
2100785655
2100311252
2100195424
2099937155
2099765036
2099624253
2099213025
2098954712
2098681553
2098647456
2098232616
2095900554
2095076310
2095027277
2093530472
2093197299
2093187639
2092948463
2092944758
2092411211
2092222615
2091626814
2091334783
2090683878
2090353151
2090276858
2090031761
2089156203
2089103726
2088013404
2086883815
2086574314
2086085826
2085078101
2084866279
2084470144
2084057633
2083763223
2082163267
2081540041
2080804835
2080676909
2080242507
2079932499
2079932250
2078211609
2078106693
2078032948
2077457146
2076217869
2076205874
2076023432
2075964137
2075942319
2075844144
2075232098
2074765442
2074690377
2074361193
2074247288
2073697342
2072730596
2072613777
2072060682
2071903077
2071868740
2071868662
2071468872
2071446228
2071411423
2071102943
2070089618
2069862363
2068699266
2068282573
2067491541
2066724952
2066385395
2065887930
2065323003
2065002142
2064927040
2064626040
2064199863
2063595784
2062728192
2062323677
2062000858
2060061830
2059981242
2059708005
2059684923
2059657569
2059247536
2059076307
2058825571
2058783605
2058420551
2057960492
2057826124
2057073850
2056634877
2056615322
2056418247
2056165053
2056075051
2055869543
2055660727
2054954899
2054746285
2053678539
2053646088
2053466902
2052720699
2052198685
2052133112
2051532311
2050834397
2050554603
2050523521
2047747163
2047308862
2046677520
2046524328
2046329221
2046193675
2045712589
2045610014
2045390212
2044707043
2044345009
2043999012
2043310375
2043013271
2042811256
2041750942
2041486198
2041438006
2041376685
2041312196
2041304472
2041152335
2040889316
2040660096
2040604206
2040387930
2040069682
2039752441
2038832516
2038602934
2038026710
2037825514
2037357763
2036977067
2036927953
2036795429
2036024002
2035864256
2035830014
2035269109
2035137493
2033587291
2033454298
2032854863
2032828833
2032210544
2032031293
2031181268
2031177246
2030969606
2030291700
2028901589
2028483156
2028418752
2027946102
2027919215
2027816655
2027394205
2027031099
2026146866
2026022004
2025878480
2025758070
2025612766
2025572952
2025562609
2025237059
2024983732
2024674259
2024390647
2024182701
2024154496
2023899053
2023558773
2022458099
2021105918
2020565349
2019708257
2019379741
2019352850
2018078482
2017277022
2016733169
2015647851
2015373664
2014706522
2014464707
2014159440
2013466285
2013290658
2012989491
2012483298
2012193895
2012158794
2012113321
2011076429
2010501885
2010426349
2009850071
2009417036
2008994711
2008922506
2008914383
2008722278
2008076720
2007873338
2007533511
2007436968
2007090229
2006830425
2005862519
2005542449
2005369981
2004757900
2004659452
2004542693
2003975710
2003325825
2003022819
2002136573
2001839454
2001179082
2000974675
2000826751
2000711606
1999998279
1999920287
1999500810
1999470051
1998985390
1998911969
1997788659
1997550094
1997254303
1996705527
1996608961
1995865160
1995665564
1995344564
1994866657
1994539816
1994275415
1993031773
1992875583
1992817998
1992765254
1991664525
1990790516
1990257953
1990100466
1989696674
1989554672
1989074812
1988299583
1986617584
1986231822
1985860422
1985122477
1984996228
1984886257
1983806544
1983774097
1983511092
1983081196
1982721254
1982488314
1982307254
1982121313
1981733288
1981138456
1981136984
1980821017
1980745465
1980500061
1980260988
1980132666
1979453685
1979397905
1979313870
1979025041
1978943294
1978886586
1977761421
1977703467
1977568535
1977298789
1977067503
1975848125
1975131853
1974687636
1974555698
1974164931
1974143638
1973879369
1973611792
1973411390
1973280148
1972972840
1972203126
1972193933
1971779445
1971050093
1970394748
1970181308
1969607597
1969536294
1969217629
1968451541
1968086735
1968055174
1968035354
1967920521
1967797572
1967749051
1967576897
1967223348
1966231569
1966155077
1965997282
1965473759
1962736375
1962677387
1961405469
1961312700
1961244382
1961095965
1960703694
1960635157
1960493531
1960087845
1960079433
1958916119
1958047548
1957798287
1957713368
1957388617
1956974483
1956864753
1956414362
1955758772
1955649221
1955621927
1955532879
1955194263
1955136867
1955071660
1954751655
1952528257
1952081294
1951778496
1951400828
1951231694
1951101668
1951064394
1950460810
1949987415
1949604760
1949386246
1948979760
1948426280
1948183435
1947725222
1947460559
1946185679
1945789692
1945752373
1945570563
1945063637
1944632884
1944152138
1943228889
1943104955
1942976203
1942452003
1941821894
1941325197
1940275984
1939518206
1938800396
1938516800
1938380208
1937975607
1937760275
1937673389
1937433002
1935740933
1935167578
1934600614
1934344134
1934156880
1934003332
1932884890
1932765656
1932764746
1932183110
1932021652
1931250570
1930954164
1930931407
1930874506
1929814475
1929601060
1929377499
1928693177
1927630856
1927354859
1927209136
1927006818
1926924694
1926821339
1926420220
1926037741
1925814484
1925207550
1925193829
1925124905
1923894592
1923653848
1922867403
1922801175
1922760483
1921807478
1921348162
1921026272
1920398847
1920272199
1919881521
1919722952
1919706929
1919183677
1918778613
1918653338
1918488667
1917856505
1917607261
1917494736
1917213564
1916421087
1915518881
1915243659
1915166618
1914739954
1914314612
1914299838
1914245779
1913874834
1913763111
1913276146
1912887411
1911973859
1911220960
1911189060
1910734644
1909037284
1908916406
1907805564
1907386733
1907130068
1906841011
1906214249
1906002620
1904695759
1904432901
1903134110
1903086635
1902209384
1901656972
1901191572
1900527090
1899632008
1898999972
1898585926
1898393228
1898170407
1897013820
1896883931
1896396860
1896275531
1896142061
1895681037
1895078124
1894395223
1894112514
1893239588
1893229148
1893094856
1891546907
1891278864
1891162729
1891079537
1890317504
1890311880
1889657889
1889125630
1888862042
1888786732
1888747231
1888346035
1888169632
1887945059
1887858168
1886828696
1886817471
1886661350
1886530078
1886274115
1885157906
1884326557
1883783144
1882707097
1881472050
1881392446
1881275228
1881232481
1881195667
1880339555
1880017796
1879843165
1878414982
1878395144
1878103795
1878057765
1878052249
1878005226
1877905373
1877072534
1876661558
1876540960
1876160242
1873808577
1873738063
1873727278
1873138978
1872335511
1872141886
1872063057
1871716644
1869552555
1868843123
1868495552
1868010064
1867465409
1867333367
1867055217
1867039814
1866747309
1866550219
1866464614
1865715115
1865504415
1865392302
1865363204
1864535074
1863950477
1863565005
1863480149
1862737338
1862353870
1862335478
1862216142
1861363062
1861135435
1860353224
1859695991
1859561771
1859315022
1858063491
1858057508
1857005303
1856934340
1856417330
1856328825
1855900246
1855174124
1854870224
1852892943
1852836984
1852778823
1852547049
1852520612
1851789652
1851625294
1851171981
1851042537
1849570534
1849502600
1849112640
1848721497
1848583777
1848370897
1848051587
1847628602
1847616375
1847594702
1847307921
1847231371
1847115867
1846242776
1845683969
1845378117
1845316305
1844580472
1844085215
1844044071
1843937180
1843289738
1843191310
1843135713
1842592665
1842589121
1841674633
1841644807
1840396590
1839779319
1839530178
1838951174
1838784444
1838695298
1836747476
1836554594
1836130248
1836027860
1835565628
1835438719
1835029240
1835017618
1834553081
1834539608
1834495169
1834267496
1833294568
1832984344
1832536513
1832140110
1831461163
1830979067
1830803827
1830697237
1830682913
1829864992
1829836175
1829745904
1829663642
1829360901
1828588667
1828194349
1827462254
1826663677
1826396849
1825365731
1825033486
1824601947
1824536252
1824141913
1823993423
1823904900
1823691543
1823028742
1822455000
1821906144
1821343825
1821315955
1820059108
1819944159
1819715890
1818656032
1818486175
1818044391
1817650320
1817479592
1816721044
1816716773
1816701529
1816663653
1815865824
1814683785
1814160026
1813964287
1813871440
1812724914
1812586960
1812566097
1812464880
1812073667
1811770990
1811638030
1809910195
1807917158
1807906702
1807793487
1806594799
1805458619
1805071252
1804910056
1804813401
1804458634
1804324018
1804122909
1803957530
1803815293
1803665641
1803585110
1802289958
1801121489
1801058385
1801023258
1799847682
1799048511
1798646292
1797219620
1797163516
1796553587
1795374059
1794943896
1793880944
1793189974
1793156180
1792367236
1792019255
1791940438
1791826655
1789907363
1789711560
1789430358
1789227218
1789032043
1788808415
1788523487
1788470253
1787670351
1787667218
1787252315
1786242675
1786153827
1786118905
1785855518
1784767316
1783600090
1783439088
1782602851
1782206541
1781575427
1781369082
1780529972
1780350191
1780256706
1779122876
1778004764
1777539009
1777369148
1776844545
1776477289
1775449052
1774398121
1774369542
1774230555
1774054548
1772761707
1771808164
1771499084
1771153239
1770519393
1770262677
1770065618
1770006399
1769933655
1769395145
1769309939
1769064851
1768637225
1768424573
1767923965
1767212823
1765396026
1765305066
1763819563
1763105111
1762765944
1762158551
1761506461
1761245371
1761046492
1760870985
1760588361
1759721326
1759192081
1759089758
1758931711
1758540341
1757397079
1756114702
1755906692
1755376584
1755150657
1755023059
1754930971
1754604014
1754275933
1753442225
1752813051
1752597163
1752537281
1751973850
1750220195
1749240419
1749057465
1748965500
1748273632
1748097036
1748050496
1747517669
1747374782
1746094237
1745955139
1745727380
1745655601
1745251529
1745120076
1745115589
1744706518
1744038530
1742901846
1742741468
1742566561
1742158749
1742035494
1741843715
1741546553
1740198694
1740162959
1739837089
1739419317
1739373351
1738963788
1738686157
1737800855
1737782950
1737709071
1737631123
1736682653
1736210969
1735238730
1735196164
1734208867
1733985613
1733800150
1733552938
1732657086
1732109114
1732088933
1730599717
1730230570
1729011120
1728304796
1728043007
1727472878
1726237219
1726072877
1725721550
1724793579
1724557392
1724248208
1723700065
1723578561
1723515054
1723380201
1723013795
1721916510
1721873012
1721079319
1720893688
1719555185
1719279238
1718993473
1717886134
1717504576
1717079231
1716873662
1716815934
1716170573
1716002020
1715027406
1714273387
1714212239
1714176278
1714107022
1713596729
1712163890
1712050973
1711448748
1711135125
1711060790
1710855229
1710608210
1709801544
1709679157
1709108638
1708771247
1708082031
1708001999
1707686747
1707484862
1706879466
1706849957
1705897896
1705563137
1704889491
1704734659
1704643069
1703978930
1703310519
1702930463
1702713365
1702343318
1702169024
1702072467
1702014002
1701740741
1701665725
1700326664
1700252790
1700172126
1700025748
1699316320
1699203119
1699060492
1698865425
1698108723
1697416757
1697284754
1695921299
1694477525
1694350061
1694179372
1693566683
1692241057
1691583761
1691459952
1691328774
1691267786
1691152470
1690691645
1689002468
1688159603
1687830176
1687093588
1686540764
1686527696
1685856373
1685841142
1685749665
1685448560
1685076991
1684869284
1684752291
1684237231
1683743995
1682474860
1682417822
1681980018
1681488915
1681088378
1680823909
1680334834
1679802508
1679594866
1678237817
1678145516
1677594277
1677196496
1677050589
1676897880
1676419521
1676152312
1675971561
1675850310
1675300193
1675135234
1673982877
1673802643
1672940115
1672564654
1671740973
1671579208
1671531936
1670284911
1668264888
1667380330
1667108598
1666698098
1666455998
1666076400
1665894715
1665659110
1665184163
1664949679
1664321086
1664060179
1663961653
1662979044
1662617392
1662076238
1662015746
1661241316
1659960328
1659960234
1659228720
1659117640
1658980358
1658742813
1656289987
1655758625
1655418928
1655110966
1654926500
1654895135
1654219644
1652058733
1651841673
1651121663
1650675297
1650631847
1649937181
1649360642
1649288174
1648659066
1648656331
1648339828
1646852422
1646794275
1646623260
1646492871
1646205518
1646036015
1645546914
1645387951
1644710682
1644454423
1644079443
1643106989
1642815308
1641256490
1641246706
1640823358
1640709588
1639226552
1639185928
1638361519
1638210897
1638139438
1638068592
1637032036
1635704714
1635690152
1635483651
1635262466
1633331511
1633215910
1633013950
1633013784
1632856793
1631036691
1631018978
1630356752
1629736452
1628955028
1628875207
1628500718
1628293770
1628166089
1627266334
1627136167
1626621782
1626600692
1626503608
1626466829
1626123064
1626097208
1625872102
1625787196
1624972855
1624459599
1624226694
1623939773
1623149066
1622122766
1621128994
1620468299
1620148361
1620088145
1619284449
1619269657
1619143594
1618857314
1618451466
1618178850
1617259476
1617071419
1615355174
1612976818
1612794930
1612379970
1612376067
1612325356
1611280882
1610721810
1610667332
1610046743
1609734853
1609568492
1609350259
1609242039
1609073156
1609053015
1608736244
1606473277
1606472292
1606307960
1605165171
1605029537
1604902339
1604722192
1603665533
1602404296
1601435108
1600917207
1600667129
1600160263
1599771614
1599582083
1599445471
1599333107
1598207385
1598141320
1597993075
1597652304
1597527489
1596662656
1596143524
1595512697
1595196753
1594830991
1594208706
1593726926
1593018317
1592989365
1592769258
1592269002
1592064491
1591995251
1590344870
1590220635
1589750678
1589480503
1589334021
1589081597
1588245706
1587707815
1587677465
1586693537
1586430736
1585849002
1585587556
1585535016
1585310824
1585095382
1585014125
1584639742
1584388519
1584358272
1584342355
1583671495
1583608858
1582536793
1582053244
1580332345
1579919632
1579168823
1578988975
1578727164
1578127810
1577719960
1577295477
1576926676
1576420770
1576390011
1575824739
1575754233
1575630097
1575446454
1575008755
1574692389
1574610957
1574444122
1573257131
1572822046
1572711393
1572397757
1571173075
1571113171
1571097546
1570574120
1570537352
1570308694
1570105571
1570061847
1569992282
1569742718
1569261953
1568544360
1568514144
1568359371
1568248135
1568045992
1567161895
1567070008
1567017732
1566716513
1566587202
1566115424
1565790444
1564604216
1564556183
1563681712
1562587050
1561765772
1561438536
1561307622
1560610722
1560169283
1559532650
1559424658
1559337018
1558361691
1558250795
1558214201
1557677417
1557645084
1556802994
1556701188
1555748462
1555544694
1554696123
1554065552
1554043241
1553288408
1552335375
1551583350
1550299495
1549999631
1549985906
1549730319
1549582619
1549456342
1548852025
1548170490
1548155555
1548048841
1546917836
1546746367
1546427670
1546107780
1545114922
1544842317
1544255468
1544248890
1543828372
1543440887
1543206092
1542322710
1540966757
1540939589
1540864318
1540536835
1540379583
1539495506
1539252974
1539023357
1538814947
1538674063
1538557196
1538468390
1538090684
1538055108
1537935687
1537666297
1537494065
1537326067
1537316451
1536861695
1536834240
1536779139
1536546697
1536263200
1536114742
1535301176
1535259279
1535186323
1534535804
1534018543
1532558810
1531957044
1531907946
1531430082
1530628341
1530332097
1529821442
1529627828
1528989701
1527183559
1526932213
1526615739
1526605615
1526213870
1526053824
1525846366
1525827099
1525604294
1525408465
1524502542
1524413278
1523414153
1522738458
1522657812
1522557053
1522168400
1520882333
1520827467
1520661674
1520248058
1519959344
1519639866
1519324115
1519169016
1519051512
1518840291
1518247048
1517891801
1517660342
1517284197
1516568380
1516430866
1516426048
1516158031
1516143403
1515881251
1515597453
1515271741
1514506014
1514454926
1514265694
1514209749
1513991662
1513694771
1513281511
1513273282
1513128695
1512996708
1512698700
1512312388
1512179884
1512069374
1511526857
1511319654
1510593966
1510379422
1510375561
1509164180
1508944438
1508601409
1507885681
1507705333
1506697838
1506162625
1505013336
1504367263
1504242988
1504024326
1504010524
1503670242
1502824791
1502728808
1501537861
1501452588
1501218445
1501118955
1501017410
1499752962
1499484930
1499198259
1498716421
1498180951
1497704895
1497517174
1496204628
1496196422
1495556609
1495456003
1494969830
1494588791
1494572606
1494330985
1494223088
1494182832
1494168167
1492714773
1492679405
1492602454
1492231147
1492182560
1491698060
1491444165
1490961110
1489853434
1489516591
1489090149
1488890079
1488687674
1488258871
1486972952
1486685435
1486402916
1485998287
1485892050
1484477791
1483723706
1483335190
1482719060
1481793281
1481317035
1479718192
1479276542
1477860320
1477708633
1476982484
1476342812
1475745993
1475190494
1475142136
1474667700
1474652975
1474263476
1474051817
1473447579
1473442542
1473440237
1473179550
1471700548
1469208060
1469149088
1468912999
1468654247
1467028074
1466703352
1466263147
1466142934
1466084889
1465331812
1465303860
1465074248
1464605586
1464605025
1464257498
1464248429
1463907495
1463385410
1462214547
1461493128
1460738291
1460722537
1460118717
1460084935
1459640027
1459487868
1459026508
1458692079
1457621416
1457394047
1457123453
1456993473
1456568098
1456034885
1455426843
1454691933
1453493289
1453336496
1453089126
1452697520
1452639484
1452460884
1452167403
1450761221
1448990236
1448958858
1448809069
1448682624
1448328754
1447361294
1447232912
1445327813
1444695516
1444665588
1443089017
1442995498
1442766308
1441780161
1441139514
1441051603
1440595356
1440106663
1439984828
1439785843
1439632575
1439622305
1439105329
1439038982
1438855482
1437978609
1437694499
1437212875
1436935787
1436447513
1435999650
1435808624
1434306500
1433599720
1433196439
1432236789
1432131575
1431744030
1431061822
1431008363
1430843706
1430634543
1430117278
1430116750
1429324521
1429317946
1428589689
1428533634
1428203957
1428150807
1428142690
1427318372
1426634185
1426463398
1426366384
1424010264
1423469136
1422898369
1422017572
1421941520
1421060320
1420867218
1420781030
1420756465
1420532601
1420018557
1419844220
1418609994
1417750714
1417438137
1416594709
1416327574
1416140727
1416064661
1414880423
1412876107
1412804545
1412455837
1411612799
1410964495
1410777965
1410413339
1409288893
1409046617
1408935478
1408324062
1406134891
1405902424
1405358236
1405143959
1404505375
1404090037
1403716362
1403680753
1403553801
1403413988
1402783499
1402609072
1401537026
1401125356
1400522870
1400326006
1400168736
1399470337
1398770378
1398675238
1398511486
1397938460
1397930797
1397876062
1397834604
1396554354
1396416709
1396194534
1395521153
1395483004
1395192172
1394897679
1394854670
1394820561
1394564162
1394504568
1393949293
1393596883
1393502239
1392803479
1391864744
1391742460
1391666144
1391653398
1391571718
1390708435
1390338423
1389860064
1389475597
1388844403
1388274736
1387864171
1387672814
1387558154
1387137767
1386900698
1386451233
1386291462
1386201322
1385199232
1385043142
1383657702
1383091899
1382895232
1382728083
1381972945
1381542049
1381406734
1380982605
1380606026
1380420977
1380213814
1379866152
1379224515
1379023318
1378444456
1377631665
1377530649
1377379862
1377083557
1376462478
1376248995
1375217524
1375021395
1374737211
1374524684
1373172799
1371104796
1370389844
1369790990
1369356853
1369036528
1368520397
1368064232
1367542670
1367536773
1367258243
1367001000
1365717682
1365304284
1365134495
1365012671
1364410949
1363390489
1362995127
1362970710
1362764228
1362734829
1361272726
1360583248
1359309652
1358738430
1358510506
1356347715
1356067764
1354897670
1354755470
1354469444
1354409181
1353184352
1352369570
1351653108
1351539095
1351133435
1350908082
1350327703
1350223495
1348455894
1347912034
1346896973
1346527273
1346320431
1346278052
1345849478
1345748801
1345680634
1344905248
1344630274
1344270079
1343990300
1343734534
1343646121
1343341845
1341919892
1340739083
1340619455
1340456941
1340377863
1339471539
1339400410
1338886516
1338707316
1338094740
1338017598
1337833947
1337161599
1337157914
1336828402
1336359094
1335598143
1334858011
1334316873
1334203152
1333934317
1333806733
1333712196
1333643635
1333312295
1332914932
1332765472
1332593095
1332443591
1332266221
1330163167
1330060836
1329560324
1328895289
1327899823
1327330614
1326945012
1326570115
1325667389
1324765834
1323879897
1323280566
1323193159
1322841974
1322832375
1322506975
1321997155
1321986686
1321515959
1320548336
1320233398
1320225809
1319809753
1319556058
1319260799
1319050036
1318823032
1318379384
1317635616
1315627409
1314702681
1314251997
1312510044
1311949602
1310963357
1310863151
1310769867
1310194858
1309953425
1309786235
1309121732
1309090015
1307382783
1307047041
1307009572
1306651879
1306389979
1304540370
1303592912
1303562614
1301936505
1300364892
1300254694
1300123346
1298993212
1298667979
1298203824
1297310748
1296744137
1296275250
1295628905
1295516994
1295059233
1294274584
1294162747
1293496522
1293281650
1291794075
1291543445
1291051701
1290745250
1290473677
1289709309
1289319481
1289042203
1288840079
1288826464
1288819888
1288781149
1288710863
1288166651
1287575623
1287137119
1285450006
1285405744
1284998959
1283800898
1282763536
1282699864
1282113126
1281302969
1280939227
1279547611
1279411601
1278840857
1278778957
1278449845
1278299765
1277038768
1276682319
1276654715
1275994315
1274616504
1274508080
1274498308
1274031416
1272690241
1272553202
1272037176
1270794971
1270520605
1270458769
1270057454
1269676302
1269567499
1269494239
1269281633
1269270170
1268736805
1268648596
1268446031
1268038396
1267632069
1266514794
1266389395
1265219046
1265142371
1263866727
1263501396
1262249271
1262241554
1262105788
1261964437
1261908110
1260997603
1260933620
1260892918
1260658786
1260577546
1259707543
1259697366
1259501159
1259208631
1259161860
1258665394
1258226189
1257607870
1257449651
1257106201
1256938401
1256221484
1255048526
1254914057
1254874959
1254536057
1253863889
1253510219
1252932754
1252687993
1252671828
1252553001
1252506122
1251849599
1251732164
1251001683
1250820102
1250813195
1250781409
1250423027
1250376100
1249765582
1248972919
1248844482
1248651225
1248433355
1247905957
1247466310
1246725480
1245832031
1245513978
1245495927
1244652370
1244384395
1244163396
1243918215
1243485930
1243300202
1242507472
1242257475
1242226648
1241778712
1241399807
1241262460
1241006692
1240998433
1240638662
1240294171
1239764192
1239665869
1239635394
1239529007
1239356266
1238990715
1238852141
1238140486
1237732951
1237165770
1236755174
1236647796
1236004214
1235655250
1235246912
1235110920
1234887301
1234552238
1234452726
1234264099
1234213664
1233579859
1233203848
1232520707
1231857562
1231820507
1231722389
1231652748
1231446118
1231311830
1231274734
1230608050
1230326748
1229907149
1229537314
1229456810
1228538664
1228031287
1227181218
1226288568
1226180592
1225937816
1225880688
1225278825
1225030794
1223991782
1223700885
1223638304
1222648235
1221561101
1220920249
1220659575
1220559476
1219602319
1219531324
1219168245
1218920979
1216742676
1215565052
1215271569
1213235809
1213085035
1212888452
1211871883
1210678900
1209439468
1209381959
1209333829
1209290693
1208669864
1208308295
1208264147
1208028158
1207986078
1207699711
1207186049
1207153572
1206990104
1206573103
1206543374
1206375830
1205728649
1205714662
1204948644
1204696669
1204417843
1204338599
1203109628
1203024990
1202915528
1202565111
1202124283
1201862951
1201850078
1201214462
1200261863
1200169720
1199431350
1199348265
1199301143
1199113888
1198636489
1198350716
1198134696
1198088707
1197082401
1197063598
1197006711
1196007534
1195715988
1195191606
1194973394
1194647922
1194379543
1194312064
1194048750
1193121185
1193037020
1191927251
1191862267
1191554689
1190993403
1190572470
1189302950
1189168849
1188940454
1188846133
1188823573
1188326109
1188254715
1187973124
1187940666
1187784409
1187675299
1187207097
1186284847
1186077575
1185590943
1184860770
1184808139
1183800286
1183417511
1183155900
1182322362
1182305399
1182268985
1182242346
1181498727
1181252048
1181088709
1180648414
1180576104
1179245896
1178783057
1177693063
1177516440
1177201219
1177121258
1176571000
1176141081
1175677016
1175220048
1174699216
1174474069
1173750337
1173568751
1173405896
1173317100
1173294779
1173197226
1172901676
1172885154
1172677618
1172561987
1172242307
1171543090
1171462558
1171221819
1170928455
1170869899
1170770105
1170036812
1169119431
1168381702
1166599146
1166304449
1166213386
1166159351
1166007693
1165997852
1165745604
1164989248
1162896107
1162709027
1161695383
1161129665
1161129486
1160384074
1160136931
1160064311
1159933122
1159336284
1158549398
1158337018
1158303907
1158045323
1158032191
1157221915
1156876016
1156372527
1155444272
1155049151
1153737630
1153419857
1153224254
1152332278
1151878016
1151778214
1150777270
1150180837
1149914068
1149073970
1148348909
1147698047
1147203723
1146682703
1145625526
1144793992
1141640097
1140553906
1139982738
1139758836
1138948990
1138896703
1138373218
1138142312
1137741241
1137046450
1136445461
1136130583
1135660894
1135556529
1135469596
1135120004
1134712887
1134203347
1133984191
1133795778
1133269232
1133182980
1133040384
1132852350
1132668950
1132664910
1132531876
1132301789
1130288654
1129990852
1129930139
1129747479
1128979922
1128521492
1128248548
1127261590
1126710302
1126627907
1126496585
1126105425
1126093950
1124455938
1123953960
1123828117
1123350884
1122677102
1121915083
1121663681
1121444018
1121366851
1121212096
1120933573
1120661719
1120518975
1120367878
1119075159
1118419762
1117276983
1116334452
1116270159
1115539743
1115077583
1114875162
1114843629
1113830189
1113642941
1113536565
1113396164
1113004114
1111806217
1111615926
1111508527
1111078869
1110857692
1110720524
1110476760
1109994235
1109299955
1109152732
1108888125
1108887291
1108846959
1107940418
1107245211
1107239156
1106809463
1106787939
1106349160
1105543096
1105401751
1104292858
1103586906
1103059460
1101932611
1101513309
1100646461
1100643905
1100509951
1100007309
1099709257
1098790154
1098710196
1098448446
1098189066
1097893936
1097321868
1097225007
1097075836
1096964010
1096904361
1096791253
1096790929
1096678170
1096573457
1096081703
1095526128
1095339769
1095334271
1094939547
1094336420
1093998074
1093789304
1092822842
1091068897
1091042418
1090862203
1089984398
1089870906
1089499052
1089024622
1089012408
1088965644
1088613680
1088268128
1088090064
1087925365
1087856019
1087735565
1087716182
1087373447
1087118833
1086977312
1086944774
1086671723
1086309104
1086066475
1085701910
1085132320
1084954194
1083670492
1083227281
1082654915
1082172914
1082044753
1081642361
1081379258
1080979332
1080309961
1080214793
1080183007
1080060883
1080056058
1078965734
1077706526
1077685054
1077226545
1076991613
1076927589
1076659878
1076103502
1075057300
1074093716
1073631634
1073615942
1072955464
1072894677
1072719607
1072576211
1072508215
1071795090
1071633472
1071552735
1070901775
1070859189
1070837840
1070735732
1070698637
1069585853
1069369350
1069112995
1067350597
1067344632
1066759508
1066701053
1066382687
1066363462
1065616265
1065469584
1064536606
1064290032
1064096351
1064088888
1063804620
1063798740
1063545460
1062222489
1061483164
1060696828
1060237941
1059801260
1059732933
1059497890
1059218370
1059029906
1057633965
1057393675
1057075530
1056876012
1056507474
1056271802
1055542520
1055337888
1055206181
1055129790
1054166208
1053459224
1052411985
1051596959
1050866412
1050143634
1049792357
1048878138
1047439612
1047377705
1047226935
1046755374
1046544584
1046228537
1046007675
1045016497
1043534549
1043334215
1042817110
1041109201
1040812387
1040627815
1040496458
1040462675
1039965191
1039807642
1039309553
1038262026
1036093797
1035944221
1035942037
1035923557
1035806201
1035482953
1035139392
1035065851
1034901095
1034737808
1034689756
1034168060
1033907288
1033758131
1033477765
1032648635
1032161579
1031374828
1031265133
1031102805
1030769071
1030486252
1029285754
1029085547
1028571207
1028503767
1026802206
1026305870
1026245501
1025856033
1025426882
1025332136
1025190646
1025032047
1025031031
1024406837
1024053031
1023072024
1022770176
1022538823
1021771769
1021606830
1021553804
1021310129
1021272124
1021174322
1021014501
1021014013
1020896492
1020431144
1020002561
1019687921
1019654613
1019487142
1018901930
1018602381
1018456941
1017983271
1017328237
1016875260
1016596314
1015545647
1015508939
1015343278
1014578506
1013920728
1013855157
1013358810
1013327380
1013199696
1012983594
1011277308
1011069507
1010953572
1010643709
1010554463
1010540481
1010367520
1010203636
1010060080
1009919823
1009056856
1008594611
1007928142
1007023758
1006420001
1006331529
1006004195
1005348521
1005218641
1005002706
1004625359
1004453762
1004445806
1003712421
1003663853
1003354247
1003327517
1002788077
1002466999
1002182525
1001193927
1000697218
1000200504
999570545
998972596
998782495
998489929
998078392
998006231
997951399
997883929
997532310
997200154
997039393
996474961
995384136
995294283
994659721
994280004
994019714
993181039
991264841
990592519
990537519
990271527
990131974
990003730
989371907
988933354
988419084
988268276
987995112
987000160
986965099
986174997
985925209
984830255
984782109
984014269
983909944
983443027
983328335
982344992
982262643
981332205
980582516
979792333
978782482
978048354
977680460
977536615
977326545
976911061
975939428
975497738
975412465
974019676
973197116
972966490
972860278
972361125
972226108
971981087
971498368
970448129
970189088
969896905
969209975
969189898
968670913
968650469
968513652
968446341
968261339
968137904
968119658
967982169
967410410
966942425
966865157
966572435
966261982
965526704
964895491
964578022
964518028
964276259
963765201
962983640
962963310
962525060
962136549
959881563
959314700
959079305
958461280
958109586
956727095
956131402
956082715
955556527
955546218
954904823
954321041
953784080
953014454
952855044
951659254
951241413
950848339
949670805
948512666
948377756
948013334
947797726
947680968
947482309
946838193
945857032
945852617
945554079
944955610
944365936
943973492
943835809
943622931
943584447
943345579
942308081
942169004
942158457
941807045
941715297
941551768
941380335
941173224
940154489
938914707
938374505
936588885
936003843
935831031
935749708
935121205
933568457
932643527
932020160
931239155
930329676
930203863
929114672
927915351
927814727
927566707
927083772
927008545
926795797
926189471
925792434
925076780
923968822
923906684
923176666
922885519
922755653
922691164
922143421
921322248
921248864
920832547
920532317
919860845
919535756
919299378
919173797
918874590
918845791
918407569
918121494
917772892
917715665
917078956
916788587
916388443
915171272
914602673
913823570
913248378
913004053
912354056
911360755
911323580
910866073
910320311
910207072
909777921
909390140
908901121
908482289
908444877
908423474
908212775
907643097
906177599
905853036
905802759
905188262
904842574
904818804
904392011
904222951
903670821
903403538
903170476
903099907
903095150
903037747
902779438
902543409
902149412
900713686
900461582
899676697
899417420
899357188
898920942
898866840
898481542
898450739
898300965
897788480
896426274
896379507
896069715
895632710
895485918
895377715
895204436
894328528
894005437
891887796
891824623
891782654
891186449
891173256
890787919
890421487
889358041
888250683
887970708
884720828
884712832
884667955
884578991
884442719
884074004
883690393
883340277
883127106
882780327
882586501
882530996
881969620
881965919
881117682
881011441
881007225
880546485
879296272
878493858
878187248
878177352
878167808
878106101
878028542
877990786
877414659
874879601
874854392
874211837
874155727
873956477
873467779
873350627
872885301
872537374
872103079
871917761
871493904
871442116
871358903
871130669
870930466
870820115
870678583
870051021
869998146
869136355
869088057
868978534
868784672
868297746
867835916
867733901
867163384
867065113
866870007
866048634
865953983
865431974
865314403
864810795
863722689
863283338
863205016
862671734
861794897
861721265
861640523
861217411
860986661
860860213
860696167
860252394
859576379
859471757
859184090
859134361
858857176
858802533
858691635
858434803
857869482
857257754
857166886
856957317
856550980
855900257
855756841
854358569
854146875
853205098
852096726
852025636
851446918
851155254
851009131
850903720
849837023
849825340
849804855
849402954
847846677
847540938
846941807
846067959
843195624
842905412
842461950
841444329
839992872
839171703
838785942
838198918
837873929
837317808
836695766
836177798
835831701
834739717
834640252
834509397
833684373
833147085
832580177
832272179
832042209
831823937
831685961
831514490
831186266
830723398
830720154
830532220
829907757
829402268
828838752
828692545
827949787
826865861
825559827
825324774
825067562
825029228
823586280
823380762
823341333
822752868
822749443
821497920
821185868
820872312
820646670
820371506
820178671
820077249
819684407
819517955
819289729
819088304
818753429
818234485
817724819
817691477
816559177
814974709
814840918
814839579
814670365
813874635
812890147
811906171
811680734
811566987
811405469
810848294
810303306
809201556
808784144
808597272
808591983
808155734
808137367
807844947
807563555
807547983
806632404
805900290
804684177
804055529
804005537
802065997
800543518
799717930
799501143
799295669
799289363
798818210
798707669
798357799
798129156
797797290
797729998
797309027
797101164
796985334
796908119
796727913
796300499
795879258
795032307
794366229
794364125
794329411
794217939
793918512
793184603
791623061
791454559
791161588
791010191
790444499
789378953
789186887
788396193
788389800
788329397
787870964
787060238
786836157
786630167
786372700
786150080
785851043
785199129
784918741
784875920
784114511
783342824
782863506
782791208
782675640
782449120
782324668
782227754
781921762
781909388
781787720
780457292
779640961
779573569
778851082
778653766
778592085
778373857
777896758
777043125
776467442
775845406
775432765
774639415
774394673
774356874
773769606
773667111
773385072
773319220
773200489
772232214
772173483
771765532
771324272
770547959
770324257
770074459
769939995
769207881
769186265
768765466
767795382
767286454
767168861
765958625
765886615
765136073
764422519
763708390
763608764
763526711
763352610
763048498
762724385
762636847
762248303
762190429
761880857
761388463
761318194
760167825
759943676
759602960
759366424
759310669
759299892
759079070
758751892
758708799
757813536
757438497
757183022
756381964
754437656
753750778
753721300
752919503
752403487
752034925
751286217
751267879
749663530
749467762
749286365
749260975
748852305
747057130
745742662
745610456
745564281
745293286
745018982
744204024
743954226
743459192
743443715
743026856
740352707
740223766
739332761
739285125
739279418
739132573
739105287
739043250
738862577
737956445
737635264
737242599
736671872
736046974
736001022
735639568
735443569
735130086
734798393
734782968
733665363
733228972
732276099
732038760
731764704
731401943
731297090
730912918
730744583
730502102
730374497
729530674
729396538
728125718
727808176
727631830
726967534
725868916
725595702
725112261
724638862
724637643
723160388
722851864
722725172
722369177
722240143
721417137
720911527
720315412
718903625
718423060
718051414
717826975
717410703
717241492
717093505
717047710
717002891
716984646
716708061
716353059
715954720
715830789
714887355
714704837
714372105
713967501
713669499
713494157
712615432
711902017
711691538
711455368
711294066
711197871
710194600
709059246
708960886
708614111
708567085
707933836
707334574
706974425
706583318
706259141
706198446
705956734
705797828
705715077
705439945
704475815
703460871
701657159
701006984
700964780
700860749
700665534
700135567
699456722
699384316
698832842
698609005
698486628
697322914
696808926
696474147
695500872
694691838
694664352
694153406
692777144
692546391
692533944
692234806
692015027
691668142
691361302
691297157
691147528
690448747
690221023
690080221
689780363
689196344
688904100
688131318
687196947
687087807
686809785
686355966
686324548
684937494
684356206
683319846
683264053
682973311
682433905
682187305
682101131
681990176
681773938
681728403
681380733
681245657
681027313
680870638
680854288
680793655
680053286
679963938
679927717
679900169
679221451
678577671
678462082
677941865
676847362
676181782
675850122
675352205
675284145
675059427
674827817
674517006
674393849
674266971
673979244
673630431
673217752
673154559
672516600
672497390
672392226
672229545
671772713
671699522
671561291
670432303
669558513
668987388
668898326
668636927
668030369
667906800
667788016
666434374
666044454
665853688
665593210
665168293
663243896
662579014
662519637
662428050
661442574
661315574
661267118
661032562
660992694
660516228
660327377
659541993
659411920
659007921
658831091
657944554
657686333
657515581
656912046
656729042
656237562
655920699
655523738
654868724
654655270
654565102
654429066
653803145
653718942
653419227
653387207
653157227
653126398
653107675
652854124
652602797
652522566
651979916
651631645
650199068
649938082
649253055
648878827
648553447
648383306
648133570
647974736
646148807
645641360
645548395
645536879
645527596
645515918
644965193
644936608
644764558
643395817
643314686
642971670
642893914
642632350
642376375
641118057
640873932
640020093
639396948
639324473
639059780
639024332
638693994
638089511
638069189
637362058
636721568
635982601
635923348
635673277
635586502
635350731
635187982
634271713
634235171
634207524
633797202
633609720
633101893
633049925
632510239
631690070
631480541
631331696
631294359
631102702
631083071
630455433
630211494
629706366
629518699
629296837
628351934
628199633
627212180
626138745
625138515
625034161
624839280
624432750
623951117
623466456
623027881
622931822
622323415
622086247
621777166
621444879
621358017
621086271
620334862
620029344
619648016
618207734
618204210
618068871
617212741
616458005
616214347
615870702
615210111
613950823
613866831
612923441
612370623
612003387
611613870
611600719
611023194
610805705
610597505
610442158
610340085
610299487
609895915
609582010
609293180
608892945
608830244
608437879
608091712
608001672
607556478
607457798
606837650
606172096
605817857
605285169
605279811
605123862
604619455
604066548
603753736
602901350
602732089
602404243
601384993
601175241
601105654
600829515
600558593
598527299
597563537
597184750
596932120
595882542
595743086
594706755
594547705
594139051
593790551
593668421
593499372
593426115
593160738
592777090
592616623
592511743
592104801
591732319
590342622
589907454
589872043
589792305
589648526
589321377
589175236
588805420
587830974
587733354
587165491
586693442
586442201
586311811
585402703
584996779
584280064
582814199
582734981
582020411
581472475
580639253
580611351
580403161
579368512
579350559
579264363
579063056
577615640
577470060
576342567
574972692
573587553
573401066
573338691
573184998
572371370
572317657
571999044
571884593
571800854
571678683
571412620
570828753
570395208
570234549
568995308
568700074
566001644
565826994
565814959
565474448
565336607
565273674
565097918
563990619
563969815
563910195
563417624
563207724
562207250
561035289
560026852
559967680
559449183
559182712
558816661
558031137
557003010
556915999
556895708
556813319
556511337
555954813
555858749
555763527
555705755
555641784
555613598
555335503
555173664
555065256
554995032
554396814
553635098
553397272
552915652
552806059
551823168
551395624
550565162
550296250
549662686
549093982
548685673
548506119
548301583
547643212
546294109
546068163
545590846
545338719
545302001
544894323
544032858
543626496
542672197
542246272
541806065
541730294
541707551
541429785
541379374
541226686
541209604
540724159
540692345
539887469
539873315
539839353
539639671
539624741
539056344
538404804
536593345
536389910
536077488
535784562
535066519
534739673
534571802
534319665
533956260
533356848
532003760
531668009
531309776
531298086
530488460
530387845
530244578
530234294
530194976
529611794
529107399
527874613
527533509
527367583
526608512
526522322
525850270
525455840
524752144
524715168
524555247
524213405
524073527
523460107
523186985
522980710
522794541
522619950
521538693
521535836
520997155
520678369
519893984
519777175
519726390
519127770
519107686
518042944
517972478
517599449
517263887
514898202
513906887
513789966
513630685
513067246
513037814
512454624
512452915
512397385
511889327
511726847
511723851
511596109
511559138
510857969
510802517
510769963
509953570
509618372
509587805
509430818
509150361
508967160
507915651
507707580
507529864
507479903
507114521
506724738
506210608
506060371
505808430
505708597
505653166
505547793
505241839
504816072
503764736
503644113
502937517
502077388
502034554
501767936
501611281
501460556
501030328
501004538
500210525
499552419
498906340
498366777
498316346
498128023
497869177
496222959
496007718
495821609
494768481
494631860
493713259
492804574
492686536
492660240
492373595
491966416
491661309
491410078
491211144
490437528
488704318
488257384
488033933
486979524
486978634
486164388
486006905
484327905
483947173
483770634
483454325
483298434
482342984
481159934
480792094
480238698
480228519
480225419
479084638
478247644
478101607
477629980
477601862
477594428
477066556
476948000
476908059
476597358
476518908
475777127
475731765
475384173
474742382
474369581
474227441
474016738
473932823
473738432
473229462
472823391
472445331
472255415
472114390
471877086
471832688
471583858
471176761
471154699
471034268
471003991
470772053
470487973
470384976
469616516
469373794
468830255
468558579
468105278
467042451
466562847
466171940
466041281
465749868
465745572
465325434
465211400
464442673
464348326
463893055
463892494
462989137
462056360
461910034
461311211
461301254
460450685
459653149
459543971
459269224
459143391
459117389
459078188
458964013
458876912
458823230
458413733
457874444
457563178
457541254
457516967
457121796
456380615
455926246
455852637
455395644
455140882
453046245
452459104
451824419
451174481
451152979
450750600
450135228
448967130
448647620
447889233
446876816
446466174
445740811
445560270
445378393
445113207
444410827
444223956
443853593
443443981
443430954
443088615
442672166
441763253
441667453
441532539
440872590
440690120
440176412
440168023
439769445
438209109
438103341
437649831
437389014
437333520
436659633
436407500
435529137
435393737
435171804
434182216
433258249
433076791
433023095
432743456
432522630
432250731
431562939
431523391
431515797
430856454
430679954
430081831
429359486
428429895
428196550
427787256
427522140
427451198
427103843
426793315
426658629
425821171
425713716
424612721
424563973
423280575
422940487
422815863
422794363
422776606
422189742
422104653
421426308
420936174
420769270
420439677
420238068
420169059
418448508
418322243
418186509
418072107
417162988
416978023
416623458
416576219
415572369
415300171
415269700
415242514
414356239
413285030
412902718
412897680
412309297
411619786
411482262
411409419
410658627
410658362
410132931
409939675
409329443
408457543
408130796
407528281
406641096
406291574
405446094
405244266
404552024
403600144
402365989
402152684
401939572
401667480
401586180
401449419
400269029
399994046
399681027
399270460
398795973
396845461
396111728
395951028
395887912
395834063
395620453
395217153
394611247
394539100
394440137
394420189
394352788
394352349
394262973
394166905
393838716
393508399
392789730
392407603
392253565
392088502
391479557
390724671
390141854
389018513
388029930
387642604
387231854
386736773
386360696
386328686
386314119
386036289
385953495
384354322
384307248
383951872
382286237
381632554
381334572
381261523
380617768
380410248
379494818
378557916
377255588
377188338
377093437
376873743
376072278
376069050
375978718
375855621
375736760
375622892
374795512
374297943
373507416
373399593
372004656
371540172
371161149
370853599
370225063
369627636
369305348
368397931
368203900
368128282
368061483
367680450
367065238
365942316
364745889
364528522
364321610
363753839
363230149
363104147
362610217
362384496
361130199
361127990
360619030
360351165
360255154
360231049
359968012
359456894
359346292
358281365
358144949
357463123
357343257
356618267
356543981
355922035
354576149
354049026
353979850
353655235
353256910
352305146
352273275
351985468
351131925
350149385
349572885
348540340
347008401
346348606
346247642
345574164
344762465
344625102
344504885
344382035
342808217
342739852
342393198
342244973
341833758
341520364
341408737
341070017
340138696
340102716
340044412
339909250
339336199
338198291
337790753
337434607
336229128
335855154
335794472
335271187
334841351
334408978
333724301
332530788
331838099
330930113
330803096
330797161
330598526
329086861
328797448
328665096
327067632
326179682
326052548
325475357
325453684
325296385
324672942
324513978
324171929
324098402
324088159
323333756
323277897
323200941
322451374
322386133
322148773
322059963
321491097
320713803
320489339
320335177
319735336
319343039
318750239
318621923
318431304
318399335
318119058
318050225
317531160
317402782
317376782
316213451
315426855
315111290
315044132
314523152
314288230
313957101
313467911
313153532
312259198
311855407
310916310
309677847
309525766
309333691
309087598
307189734
307109167
306838498
306388041
304661177
304213687
303562998
302734077
302295194
302104236
301411379
300565828
300196272
299121487
298966209
297973291
297929006
297477213
297473998
297384164
297188432
297154129
296575356
296541448
296272719
295171679
294954624
293996856
293822704
293722713
293493260
292986228
292851834
292054218
291435566
290220805
289999955
289452971
288648345
288626732
288011644
287417159
287409945
286890492
286243484
286177792
285991363
284938492
284870746
284805881
284336208
284307804
284238371
283675127
283390445
282987951
282664433
282573981
282124205
282107160
282029345
281582127
281496045
280791672
280599968
279095451
278840487
278429394
278333926
277952224
277639007
277621443
277123072
276465376
276389296
276235019
276095959
275960022
275857601
275560681
275436611
274531606
274491786
274350842
273973286
273848529
273801995
273558759
273411696
273378391
272346301
272256939
271787465
270908387
270901829
270221711
269917871
269678462
268078252
268042007
267846618
267053162
266932140
266878481
266388198
266371260
266203061
265594772
265570932
265092378
264783765
263951362
263807120
263657778
263636316
263292928
262625838
262494612
262363284
262268786
260761081
260622634
260108927
259896422
259880519
259402517
258911974
258864940
258841973
258804367
257774782
257349753
256409025
255807270
255714551
255525376
255524014
254885252
254765839
252451383
252364218
252074070
251860797
250890278
250419129
250374884
250325510
250033367
248788672
248596684
248137779
248089573
247952371
246437596
246016696
245764072
245522630
245256184
245221319
244865388
244626587
244245748
243997819
243765606
243490492
243328304
243191198
242315445
241573205
241065715
240310226
240298885
240231349
238515010
237573459
237299837
236978391
236420428
236324666
236085722
235939211
235904198
235653946
235331066
234203729
233981375
233506570
233452964
233329346
233119679
232445696
232431059
232111620
231449120
230865672
230850584
229569718
229443355
229208596
228865559
228394239
228064296
227318389
226921589
226571705
226311328
225510342
224816819
224514975
224471027
224195524
223297224
223182160
221659892
221453627
221452105
220511788
220311035
219991015
219726496
219327988
216586604
215833344
215636910
215529217
215481975
215070395
214392393
214252273
214235146
213203838
212356680
212155694
212124776
211575152
211379439
211320634
211016954
210395987
210298821
209914847
209358071
208845526
208555657
208331599
208096356
207716297
205917527
205591585
205446230
204936551
204372823
204136045
203868991
203419903
203176145
203045816
201910074
201439956
200694001
200443016
199657709
199552758
199376156
198479022
198228750
196358248
196075579
195953388
195804462
194961832
194957562
194556937
194036155
193808702
193300924
192339454
191778275
190662132
189688613
189529398
189409802
189172079
188149699
186910183
186484575
184428115
183611100
183595814
182893480
182775829
181607830
181528813
181407294
180914801
179815483
179760421
178556881
177952814
176669515
176055252
175722773
175162231
175044864
174895246
174325100
173484400
173472181
173128131
172853718
172745608
171645513
171521367
171378671
171167470
170956650
170690175
170520259
170482510
170473374
170367434
169635924
169050191
168255175
168194141
168122022
167711343
167671215
167253590
166292972
164939407
163984263
163869327
163472996
163189281
162685835
162236171
161189388
160869579
160821779
159671407
159620606
159526978
158781877
158155872
157746802
157568920
156897634
156598508
156562821
156455195
155915402
155888045
155223130
155203740
154987460
154886930
154141985
153371726
153246647
152520758
151934405
151271384
151040056
150959066
150678993
149765194
149244571
149209287
149134518
148571260
148438408
147844985
146911923
146762145
145809081
144447284
144275420
144247011
144243858
143816181
142953849
142560496
142054779
142010530
141666604
139844928
139838550
139414717
139389575
138389713
137693662
137686892
137567919
137327703
136940117
136717663
136203414
135570112
134890606
134411707
133538969
133415721
133221760
133209778
132879914
132870174
132866186
132289260
131947018
131417507
130925673
130740521
130529585
129720249
129117317
128611257
128018907
126961398
125630872
125044334
124162919
123805412
123502977
123198046
122328165
122079821
121956613
121348240
120819420
120773002
120717675
120693514
120540955
120449190
119791811
119405004
119136181
118316983
117902576
117897987
116988609
116614718
115610033
115525603
115169058
114945018
113385390
113189083
113167947
113022359
112075903
111932526
111481612
110852413
110757704
110492905
110300840
109956196
109306463
109244987
108556892
108510026
108373812
107613270
106273960
104296941
104194538
103544790
103448676
103214623
103209798
102959209
102095797
101967816
101910400
100837651
99515006
98523732
98219522
98060577
97120666
96902287
96613585
96472319
96154366
96050336
95944024
95870166
95662343
95127101
95077858
95012920
94927731
94173315
93763806
93465282
93322789
93213140
92937867
92814450
92190073
92161742
92094495
91829487
91721659
91496407
91424479
90895282
90719063
90686318
90335915
89727149
89493364
89439098
89033277
87961807
87876421
87358956
86958806
86189197
86018034
85760011
85245343
85192789
85070794
84772869
83186261
83037646
82412569
81399036
80910925
80763740
80470647
79694995
79566828
79361977
78643718
78146504
78070153
77888548
76234623
75867680
75709617
75224419
74991166
74750232
74070009
73364942
73249169
72905502
72356493
72164336
71468408
70940143
70707354
70377352
70351094
69759741
69686502
69635868
69510251
69195145
68171407
67676520
67413525
67220050
65730570
65141941
63352250
63343052
63046795
62356493
62135132
62113896
62083858
61781785
61466542
61424227
61175990
60732566
60440534
59808668
59667663
59590599
59298979
59280183
59205422
58904121
58439042
58356933
58217818
58144545
57331682
57259495
57094719
56877552
56446959
56172168
56133486
55404809
55216985
54165708
54084359
53676617
53376188
52836904
52582936
52478423
52267338
51569317
51434662
50813035
50472057
50320121
50236916
49528337
49335665
49277396
49274133
49139108
48669838
47868459
46451092
45803273
45770718
45430843
45030963
44616393
44329419
43698985
43413464
42223468
41399602
41319711
40599287
40219564
39764249
38770280
37228673
36124249
35933548
35857671
34753424
33991958
33846771
33687694
32749462
32493558
31841568
31341798
31307710
31305765
31280201
31105942
30902496
30884712
30699229
30651344
29874718
29602483
29514775
29222909
28901778
28768693
28533089
28501494
28372758
27841335
27096800
26650633
26411645
26120862
25548080
24530822
24436525
23090353
22440680
22432659
22343215
22231031
21577206
20748321
20393402
20189884
19982374
19915121
17707372
16647244
16202744
16010412
14683710
14013240
13899384
13298343
13137035
12792590
12394317
12040321
11913331
11647790
11526961
11116131
10681761
10406963
10119726
9888305
9828323
9110407
8810857
8628756
8465022
7887132
7295878
6975096
6871976
6672911
6410176
6360506
6204212
5005631
3377927
3260758
1915403
1081477
978217
831366
826330
444900
211011
206947
