2129951517
2124805054
2122622594
2121507596
2120682607
2120087506
2113839668
2112022303
2110073760
2109303753
2093725194
2093132484
2090206343
2085300915
2084455970
2083772005
2078826982
2077588483
2073084838
2072539012
2067298265
2066575325
2066546168
2063171542
2056991259
2053356734
2042039760
2041359742
2040586880
2034973379
2032720736
2013394618
2012661897
2005469866
2001336552
1993866631
1991962256
1982563457
1977352176
1974394740
1966933031
1966683287
1964438666
1961866092
1960191597
1944557463
1941487961
1934745631
1923578177
1917572161
1915724950
1915059233
1911321919
1909512258
1903369394
1903067845
1900063767
1887227567
1883908381
1881969748
1880671499
1877030867
1873897541
1867484873
1865895562
1859653295
1854859909
1853551275
1847976178
1847943964
1845739891
1836476553
1836186049
1835700155
1834260993
1824775538
1824465769
1822770363
1814108049
1813008466
1811362725
1807224045
1793243190
1792682694
1792392835
1791403354
1790963118
1785315230
1781787847
1776781231
1775929921
1762787934
1753574795
1753128611
1751036356
1749156388
1748909190
1746483346
1746143251
1739066346
1733390218
1731771838
1723582825
1722051195
1718375496
1697867616
1696343550
1695837247
1694299721
1693385679
1693319382
1691244339
1687534235
1687445602
1683480365
1676349327
1671439145
1666415555
1660771192
1660759220
1658536952
1656088659
1654037924
1653522729
1651671548
1649530955
1648682588
1646963531
1642114629
1640593346
1634705012
1621230162
1620469753
1619608180
1617641267
1609301833
1607354464
1606657870
1604355153
1603733279
1603455488
1603311385
1600322821
1599539029
1597171899
1591136929
1586521409
1584844950
1583537813
1572430249
1567632430
1566589048
1554696603
1544995702
1542679486
1541845274
1530745219
1522015325
1521536382
1521277789
1497803674
1497085203
1480128164
1479679958
1470805633
1463407143
1462825391
1453245355
1440626085
1438370978
1436978655
1436140149
1435513193
1432156673
1426590340
1421133498
1419524357
1419050272
1417259395
1417181578
1413263231
1412574366
1406522626
1392537160
1388672628
1383665065
1373622585
1366385402
1361284922
1357006532
1351578805
1345661819
1337137157
1330356820
1315660215
1315197943
1313567446
1296501821
1296386460
1280602313
1275745053
1269654663
1266625741
1264080023
1261821458
1257620683
1255977694
1242262920
1241010120
1237238660
1235973658
1229596253
1221711152
1219430075
1216570774
1211050128
1208124288
1207131695
1203160493
1201505066
1199472066
1197648853
1193230342
1192207410
1182045758
1172326472
1171285930
1170124833
1163695909
1163189682
1152930370
1150420283
1147947034
1146440094
1146229752
1145412056
1140397039
1133224805
1120152629
1120055544
1112748285
1110799092
1105555469
1091919891
1087305483
1084581680
1083733690
1083732430
1075011418
1071141456
1069957185
1065015266
1058393093
1055370026
1045885306
1035259499
1031261791
1030879662
1023477887
1018792360
1018450676
1016452581
1011774413
1010962485
1006153202
1001928329
997209218
995957180
993592799
978231189
971662984
963517140
962608391
961220326
958871888
953235212
939381843
938107853
930842268
921535155
912058612
911855255
904230241
902266556
901267751
900269078
897944159
897668814
896035734
895789124
891704050
890747005
888402429
885819635
885022622
884852305
883136800
882504604
875104237
873947715
868334849
868306341
866132572
862795292
862682955
847313293
840576257
837483365
835413503
833350038
824705193
824675760
824257045
823439451
816483674
811835289
807956609
806749682
798790932
798211936
797551752
795176096
794759615
790233684
788402173
786462689
780204002
776187142
774471001
772196215
770875444
760457533
754852993
754817829
752145233
749848021
749619990
749517141
746504150
743634394
741529596
738815963
717809448
713979115
707949816
706862620
703025920
698827042
697647449
692385408
692290629
690281633
684076588
671340667
664004039
661627461
657711633
653056743
644899458
637057799
608858994
607045680
600974367
591594388
588210694
581624205
574936214
573872987
570894365
566826393
564798201
558577271
556932142
556717914
551347489
550999624
547643257
547360972
547271031
546267628
543119048
540063851
536659682
525216019
518804439
513740239
509357247
498890753
494247058
487075884
482311515
480883277
478645530
476787678
475136199
471095269
469821847
466013598
465845746
464378758
463546777
459675794
441531571
440388797
431522493
430972777
429794042
424930182
424105788
423922619
420000228
417575041
409241178
397309346
396668394
396387535
389677066
384172420
377897384
377039020
375766244
375147283
374156358
373823057
372364531
368063978
359549758
350765980
349238324
349177368
343052955
340883998
338694276
334077832
329315443
325422840
321021659
306601083
305808547
305180611
301971485
297179754
296594800
294499183
289616292
289170610
288916425
288712661
273728912
266022773
263467490
244187087
242241636
240082436
236374647
231906983
231792289
231188808
229427597
225324564
221935823
219443540
215499361
215296130
213403776
203509736
194317704
187943207
180179464
178804875
176274879
168937946
166232252
153930455
146761092
143676144
142971486
131610851
130521228
129108118
126419627
125373404
124628911
124491768
123042040
107709626
105966847
103293884
98354351
98011407
96535647
81921695
73145056
68632639
53954418
52477875
27221335
24914998
6918087
3698146
